00010011011100000101011000110000 0000 10110100110100000 0 111111111111111111
00010011011100000101011000110000 0011 10100010100000000 0 111111111111111111
00010011011100000101011000110000 0100 10001001000110000 0 111111111111111111
11100101000110100010111010011001 0101 11110111110011011 0 111111111111111111
11100101000110100010111010011001 0110 10011111011111101 0 111111111111111111
10110010101010100110101001001111 0000 10001110011111001 0 111111111111111111
10110010101010100110101001001111 0010 10100100001011011 0 111111111111111111
10110010101010100110101001001111 0011 11000011001110110 0 111111111111111111
10110010101010100110101001001111 0100 10010001000001010 0 111111111111111111
11100101000110100010111010011001 0101 11110111110011011 0 111111111111111111
11100101000110100010111010011001 0110 10011111011111101 0 111111111111111111
10111011101100101111000100110111 0000 11010110011101001 0 111111111111111111
10111011101100101111000100110111 0011 11110010100111110 0 111111111111111111
10111011101100101111000100110111 0100 11011000100110010 0 111111111111111111
11100101000110100010111010011001 0101 11110111110011011 0 111111111111111111
11100101000110100010111010011001 0110 10011111011111101 0 111111111111111111
11000100000111010110011101010111 0000 10010101101110100 0 111111111111111111
11000100000111010110011101010111 0010 10101110011000110 0 111111111111111111
11000100000111010110011101010111 0011 10101000011011011 0 111111111111111111
11000100000111010110011101010111 0100 10100010000010101 0 111111111111111111
11100101000110100010111010011001 0101 11110111110011011 0 111111111111111111
11100101000110100010111010011001 0110 10011111011111101 0 111111111111111111
00110000010010001001001000111000 0000 11100001010000000 0 111111111111111111
00110000010010001001001000111000 0011 11001111111000000 0 111111111111111111
00110000010010001001001000111000 0100 10001000000001000 0 111111111111111111
11100101000110100010111010011001 0101 11110111110011011 0 111111111111111111
11100101000110100010111010011001 0110 10011111011111101 0 111111111111111111
01001000010100011011001100100110 0000 11111101101110111 0 111111111111111111
01001000010100011011001100100110 0011 10101111100000110 0 111111111111111111
01001000010100011011001100100110 0100 10000000000000000 1 111111111111111111
11100101000110100010111010011001 0101 11110111110011011 0 111111111111111111
11100101000110100010111010011001 0110 10011111011111101 0 111111111111111111
01011000000111111000001011000000 0000 11101101011011111 0 111111111111111111
01011000000111111000001011000000 0011 11101010101000000 0 111111111111111111
01011000000111111000001011000000 0100 10000000000000000 1 111111111111111111
11100101000110100010111010011001 0101 11110111110011011 0 111111111111111111
11100101000110100010111010011001 0110 10011111011111101 0 111111111111111111
00001000001011010111111101001111 0000 11000011101111100 0 111111111111111111
00001000001011010111111101001111 0011 11101100011100011 0 111111111111111111
00001000001011010111111101001111 0100 10000100000001101 0 111111111111111111
11100101000110100010111010011001 0101 11110111110011011 0 111111111111111111
11100101000110100010111010011001 0110 10011111011111101 0 111111111111111111
01000011100111101110000000011010 0000 10010001110111000 0 111111111111111111
01000011100111101110000000011010 0011 10001111000001100 0 111111111111111111
01000011100111101110000000011010 0100 10100000000011010 0 111111111111111111
11100101000110100010111010011001 0101 11110111110011011 0 111111111111111111
11100101000110100010111010011001 0110 10011111011111101 0 111111111111111111
00011101010101111100010101000010 0000 11110001010011001 0 111111111111111111
00011101010101111100010101000010 0011 11000001101101110 0 111111111111111111
00011101010101111100010101000010 0100 10000010101000010 0 111111111111111111
11100101000110100010111010011001 0101 11110111110011011 0 111111111111111111
11100101000110100010111010011001 0110 10011111011111101 0 111111111111111111
01001101010110111001100011010011 0000 11110011000101110 0 111111111111111111
01001101010110111001100011010011 0011 11100101000000001 0 111111111111111111
01001101010110111001100011010011 0100 10000100001010011 0 111111111111111111
11100101000110100010111010011001 0101 11110111110011011 0 111111111111111111
11100101000110100010111010011001 0110 10011111011111101 0 111111111111111111
00011110101000110001111100101011 0000 10011110111001110 0 111111111111111111
00011110101000110001111100101011 0011 11110001001100001 0 111111111111111111
00011110101000110001111100101011 0100 10001111000100011 0 111111111111111111
11100101000110100010111010011001 0101 11110111110011011 0 111111111111111111
11100101000110100010111010011001 0110 10011111011111101 0 111111111111111111
00010011010111011011011110100010 0000 11100101011111111 0 111111111111111111
00010011010111011011011110100010 0011 11011101111011010 0 111111111111111111
00010011010111011011011110100010 0100 10001001100000000 0 111111111111111111
11100101000110100010111010011001 0101 11110111110011011 0 111111111111111111
11100101000110100010111010011001 0110 10011111011111101 0 111111111111111111
10100000001011001011100001100011 0000 10101100010001111 0 111111111111111111
10100000001011001011100001100011 0011 11001000100000100 0 111111111111111111
10100000001011001011100001100011 0100 11010000000100000 0 111111111111111111
11100101000110100010111010011001 0101 11110111110011011 0 111111111111111111
11100101000110100010111010011001 0110 10011111011111101 0 111111111111111111
10101101111100011110100100011101 0000 11001011100001110 0 111111111111111111
10101101111100011110100100011101 0011 10000110101001101 0 111111111111111111
10101101111100011110100100011101 0100 11010100100010001 0 111111111111111111
11100101000110100010111010011001 0101 11110111110011011 0 111111111111111111
11100101000110100010111010011001 0110 10011111011111101 0 111111111111111111
11100101000110100010111010011001 0000 10001001110110011 0 111111111111111111
11100101000110100010111010011001 0010 11011011010000001 0 111111111111111111
11100101000110100010111010011001 0011 11001100010001010 0 111111111111111111
11100101000110100010111010011001 0100 10010010000011000 0 111111111111111111
11100101000110100010111010011001 0101 11110111110011011 0 111111111111111111
11100101000110100010111010011001 0110 10011111011111101 0 111111111111111111
10011100110000011110111010111010 0000 11000101101111011 0 111111111111111111
10011100110000011110111010111010 0011 10101001000111010 0 111111111111111111
10011100110000011110111010111010 0100 11000110010000000 0 111111111111111111
11100101000110100010111010011001 0101 11110111110011011 0 111111111111111111
11100101000110100010111010011001 0110 10011111011111101 0 111111111111111111
01100110101010100011110000001101 0000 11010001010110111 0 111111111111111111
01100110101010100011110000001101 0010 10010101010011101 0 111111111111111111
01100110101010100011110000001101 0011 10000111010100010 0 111111111111111111
01100110101010100011110000001101 0100 10010010000001000 0 111111111111111111
11100101000110100010111010011001 0101 11110111110011011 0 111111111111111111
11100101000110100010111010011001 0110 10011111011111101 0 111111111111111111
01100001001011010101101010101111 0000 11011101111011100 0 111111111111111111
01100001001011010101101010101111 0010 10000011001111110 0 111111111111111111
01100001001011010101101010101111 0011 10011111111000011 0 111111111111111111
01100001001011010101101010101111 0100 10100000000101101 0 111111111111111111
11100101000110100010111010011001 0101 11110111110011011 0 111111111111111111
11100101000110100010111010011001 0110 10011111011111101 0 111111111111111111
11001011000110110000010100110000 0000 11101000001001011 0 111111111111111111
11001011000110110000010100110000 0010 11100010111101011 0 111111111111111111
11001011000110110000010100110000 0011 11001110000010000 0 111111111111111111
11001011000110110000010100110000 0100 10000000100010000 0 111111111111111111
11100101000110100010111010011001 0101 11110111110011011 0 111111111111111111
11100101000110100010111010011001 0110 10011111011111101 0 111111111111111111
01001111101110110101100011111110 0000 11010100010111001 0 111111111111111111
01001111101110110101100011111110 0011 10110001110001010 0 111111111111111111
01001111101110110101100011111110 0100 10100100010111010 0 111111111111111111
11100101000110100010111010011001 0101 11110111110011011 0 111111111111111111
11100101000110100010111010011001 0110 10011111011111101 0 111111111111111111
10011011000100110001101001100100 0000 11011010101110111 0 111111111111111111
10011011000100110001101001100100 0010 11000000010101111 0 111111111111111111
10011011000100110001101001100100 0011 11000000101101100 0 111111111111111111
10011011000100110001101001100100 0100 10001101000000000 0 111111111111111111
11100101000110100010111010011001 0101 11110111110011011 0 111111111111111111
11100101000110100010111010011001 0110 10011111011111101 0 111111111111111111
11110100100100000010101110101011 0000 10010000000111011 0 111111111111111111
11110100100100000010101110101011 0010 11100100011100101 0 111111111111111111
11110100100100000010101110101011 0011 11000110000110000 0 111111111111111111
11110100100100000010101110101011 0100 10010000010000000 0 111111111111111111
11100101000110100010111010011001 0101 11110111110011011 0 111111111111111111
11100101000110100010111010011001 0110 10011111011111101 0 111111111111111111
00101011110010101100011001011010 0000 11111001000100100 0 111111111111111111
00101011110010101100011001011010 0011 11010000100000100 0 111111111111111111
00101011110010101100011001011010 0100 10000001001001010 0 111111111111111111
11100101000110100010111010011001 0101 11110111110011011 0 111111111111111111
11100101000110100010111010011001 0110 10011111011111101 0 111111111111111111
10010001001111110011101111001100 0000 11100110100001011 0 111111111111111111
10010001001111110011101111001100 0010 10101010101110011 0 111111111111111111
10010001001111110011101111001100 0011 10100001100110100 0 111111111111111111
10010001001111110011101111001100 0100 10001000100001100 0 111111111111111111
11100101000110100010111010011001 0101 11110111110011011 0 111111111111111111
11100101000110100010111010011001 0110 10011111011111101 0 111111111111111111
10010111010001001000100000101001 0000 10001111101101101 0 111111111111111111
10010111010001001000100000101001 0010 10000111100011011 0 111111111111111111
10010111010001001000100000101001 0011 10101100111100100 0 111111111111111111
10010111010001001000100000101001 0100 11000000000000000 0 111111111111111111
11100101000110100010111010011001 0101 11110111110011011 0 111111111111111111
11100101000110100010111010011001 0110 10011111011111101 0 111111111111111111
00000101111000010001010111000101 0000 10001101110100110 0 111111111111111111
00000101111000010001010111000101 0011 11111101100100101 0 111111111111111111
00000101111000010001010111000101 0100 10000010111000001 0 111111111111111111
11100101000110100010111010011001 0101 11110111110011011 0 111111111111111111
11100101000110100010111010011001 0110 10011111011111101 0 111111111111111111
01000100111000011111010101101100 0000 10011101001001101 0 111111111111111111
01000100111000011111010101101100 0011 10110001111101100 0 111111111111111111
01000100111000011111010101101100 0100 10100010001100000 0 111111111111111111
11100101000110100010111010011001 0101 11110111110011011 0 111111111111111111
11100101000110100010111010011001 0110 10011111011111101 0 111111111111111111
11011101001111100000011001011110 0000 11110001110011100 0 111111111111111111
11011101001111100000011001011110 0010 11101011011100000 0 111111111111111111
11011101001111100000011001011110 0011 11011000011000100 0 111111111111111111
11011101001111100000011001011110 0100 10000010000011110 0 111111111111111111
11100101000110100010111010011001 0101 11110111110011011 0 111111111111111111
11100101000110100010111010011001 0110 10011111011111101 0 111111111111111111
11000100111000011010101101101101 0000 10111000001001110 0 111111111111111111
11000100111000011010101101101101 0010 10001100101110100 0 111111111111111111
11000100111000011010101101101101 0011 10001111011001101 0 111111111111111111
11000100111000011010101101101101 0100 11000000001100001 0 111111111111111111
11100101000110100010111010011001 0101 11110111110011011 0 111111111111111111
11100101000110100010111010011001 0110 10011111011111101 0 111111111111111111
01101001000101101011110110000100 0000 10010011010011010 0 111111111111111111
01101001000101101011110110000100 0011 10110110101011000 0 111111111111111111
01101001000101101011110110000100 0100 10010100100000100 0 111111111111111111
11100101000110100010111010011001 0101 11110111110011011 0 111111111111111111
11100101000110100010111010011001 0110 10011111011111101 0 111111111111111111
11101001010100000110011010101101 0000 10100111111111101 0 111111111111111111
11101001010100000110011010101101 0010 11000001010100011 0 111111111111111111
11101001010100000110011010101101 0011 11000101100010000 0 111111111111111111
11101001010100000110011010101101 0100 10110000000000000 0 111111111111111111
11100101000110100010111010011001 0101 11110111110011011 0 111111111111111111
11100101000110100010111010011001 0110 10011111011111101 0 111111111111111111
10110010000111110001000100111010 0000 11100001101011001 0 111111111111111111
10110010000111110001000100111010 0010 11010000011100101 0 111111111111111111
10110010000111110001000100111010 0011 10110101000000110 0 111111111111111111
10110010000111110001000100111010 0100 10001000000011010 0 111111111111111111
11100101000110100010111010011001 0101 11110111110011011 0 111111111111111111
11100101000110100010111010011001 0110 10011111011111101 0 111111111111111111
11001101100010110110011100101101 0000 10011010010111000 0 111111111111111111
11001101100010110110011100101101 0010 10110011001011110 0 111111111111111111
11001101100010110110011100101101 0011 10000111001101111 0 111111111111111111
11001101100010110110011100101101 0100 10100010100001001 0 111111111111111111
11100101000110100010111010011001 0101 11110111110011011 0 111111111111111111
11100101000110100010111010011001 0110 10011111011111101 0 111111111111111111
11010111110010101001011011000000 0000 10110111010001010 0 111111111111111111
11010111110010101001011011000000 0010 10100000100001010 0 111111111111111111
11010111110010101001011011000000 0011 10011001110000000 0 111111111111111111
11010111110010101001011011000000 0100 11001011011000000 0 111111111111111111
11100101000110100010111010011001 0101 11110111110011011 0 111111111111111111
11100101000110100010111010011001 0110 10011111011111101 0 111111111111111111
11111000101100010010101001010010 0000 10010001100000011 0 111111111111111111
11111000101100010010101001010010 0010 11100111001011111 0 111111111111111111
11111000101100010010101001010010 0011 11011001010110010 0 111111111111111111
11111000101100010010101001010010 0100 10010100000010000 0 111111111111111111
11100101000110100010111010011001 0101 11110111110011011 0 111111111111111111
11100101000110100010111010011001 0110 10011111011111101 0 111111111111111111
01001001000010010101010010100010 0000 11001110110101011 0 111111111111111111
01001001000010010101010010100010 0011 10010101110110010 0 111111111111111111
01001001000010010101010010100010 0100 10100000000000000 0 111111111111111111
11100101000110100010111010011001 0101 11110111110011011 0 111111111111111111
11100101000110100010111010011001 0110 10011111011111101 0 111111111111111111
11001110110101100000011101000100 0000 11101011000011010 0 111111111111111111
11001110110101100000011101000100 0010 11100011110010010 0 111111111111111111
11001110110101100000011101000100 0011 11100101011011000 0 111111111111111111
11001110110101100000011101000100 0100 10000011001000100 0 111111111111111111
11100101000110100010111010011001 0101 11110111110011011 0 111111111111111111
11100101000110100010111010011001 0110 10011111011111101 0 111111111111111111
00100110000101010101110001010111 0000 11000001001101100 0 111111111111111111
00100110000101010101110001010111 0011 10111110100100011 0 111111111111111111
00100110000101010101110001010111 0100 10000010000010101 0 111111111111111111
11100101000110100010111010011001 0101 11110111110011011 0 111111111111111111
11100101000110100010111010011001 0110 10011111011111101 0 111111111111111111
01110110101001100111111001011110 0000 11111010100000100 0 111111111111111111
01110110101001100111111001011110 0011 10100010011110100 0 111111111111111111
01110110101001100111111001011110 0100 10111011000000110 0 111111111111111111
11100101000110100010111010011001 0101 11110111110011011 0 111111111111111111
11100101000110100010111010011001 0110 10011111011111101 0 111111111111111111
11001110101100010100110010111100 0000 10001101101101101 0 111111111111111111
11001110101100010100110010111100 0010 11000000111110101 0 111111111111111111
11001110101100010100110010111100 0011 10101010111111100 0 111111111111111111
11001110101100010100110010111100 0100 10100110010110000 0 111111111111111111
11100101000110100010111010011001 0101 11110111110011011 0 111111111111111111
11100101000110100010111010011001 0110 10011111011111101 0 111111111111111111
00101111010011110011100011110110 0000 10110100001000101 0 111111111111111111
00101111010011110011100011110110 0011 11011110111101010 0 111111111111111111
00101111010011110011100011110110 0100 10010100001000110 0 111111111111111111
11100101000110100010111010011001 0101 11110111110011011 0 111111111111111111
11100101000110100010111010011001 0110 10011111011111101 0 111111111111111111
00100100100000110011101010111010 0000 10101111100111101 0 111111111111111111
00100100100000110011101010111010 0011 10011010100101110 0 111111111111111111
00100100100000110011101010111010 0100 10010000010000010 0 111111111111111111
11100101000110100010111010011001 0101 11110111110011011 0 111111111111111111
11100101000110100010111010011001 0110 10011111011111101 0 111111111111111111
10110110000010000011010011001100 0000 11110101011010100 0 111111111111111111
10110110000010000011010011001100 0010 11000000100111100 0 111111111111111111
10110110000010000011010011001100 0011 11010111001100000 0 111111111111111111
10110110000010000011010011001100 0100 10011010000001000 0 111111111111111111
11100101000110100010111010011001 0101 11110111110011011 0 111111111111111111
11100101000110100010111010011001 0110 10011111011111101 0 111111111111111111
10101100110101100011100000110010 0000 11110010100001000 0 111111111111111111
10101100110101100011100000110010 0010 10111010010100100 0 111111111111111111
10101100110101100011100000110010 0011 11001000111001100 0 111111111111111111
10101100110101100011100000110010 0100 10010100000010010 0 111111111111111111
11100101000110100010111010011001 0101 11110111110011011 0 111111111111111111
11100101000110100010111010011001 0110 10011111011111101 0 111111111111111111
00011110011100001011000000010111 0000 11100111010000111 0 111111111111111111
00011110011100001011000000010111 0011 11011110000010000 0 111111111111111111
00011110011100001011000000010111 0100 10001000000010000 0 111111111111111111
11100101000110100010111010011001 0101 11110111110011011 0 111111111111111111
11100101000110100010111010011001 0110 10011111011111101 0 111111111111111111
01011111010101001111011010101011 0000 10101010111111111 0 111111111111111111
01011111010101001111011010101011 0011 10110010100011100 0 111111111111111111
01011111010101001111011010101011 0100 10101011000000000 0 111111111111111111
11100101000110100010111010011001 0101 11110111110011011 0 111111111111111111
11100101000110100010111010011001 0110 10011111011111101 0 111111111111111111
01111111000100011011001000010110 0000 10011000100100111 0 111111111111111111
01111111000100011011001000010110 0011 11011110101110110 0 111111111111111111
01111111000100011011001000010110 0100 10011001000010000 0 111111111111111111
11100101000110100010111010011001 0101 11110111110011011 0 111111111111111111
11100101000110100010111010011001 0110 10011111011111101 0 111111111111111111
01000101111001001010011000110101 0000 11110110000011001 0 111111111111111111
01000101111001001010011000110101 0011 10101000000110100 0 111111111111111111
01000101111001001010011000110101 0100 10000010000100100 0 111111111111111111
11100101000110100010111010011001 0101 11110111110011011 0 111111111111111111
11100101000110100010111010011001 0110 10011111011111101 0 111111111111111111
01101100111110111010100100001110 0000 10001011000001001 0 111111111111111111
01101100111110111010100100001110 0011 11010100010111010 0 111111111111111111
01101100111110111010100100001110 0100 10010100000001010 0 111111111111111111
11100101000110100010111010011001 0101 11110111110011011 0 111111111111111111
11100101000110100010111010011001 0110 10011111011111101 0 111111111111111111
00110101111100001111101000111110 0000 10011000000101110 0 111111111111111111
00110101111100001111101000111110 0011 10111000000100000 0 111111111111111111
00110101111100001111101000111110 0100 10011000000110000 0 111111111111111111
11100101000110100010111010011001 0101 11110111110011011 0 111111111111111111
11100101000110100010111010011001 0110 10011111011111101 0 111111111111111111
10001001000001011100011111101101 0000 10101000011110010 0 111111111111111111
10001001000001011100011111101101 0011 11011110010100001 0 111111111111111111
10001001000001011100011111101101 0100 11000000100000101 0 111111111111111111
11100101000110100010111010011001 0101 11110111110011011 0 111111111111111111
11100101000110100010111010011001 0110 10011111011111101 0 111111111111111111
01111101000111001111000001110011 0000 10110110110001111 0 111111111111111111
01111101000111001111000001110011 0011 10111001110010100 0 111111111111111111
01111101000111001111000001110011 0100 10111000000010000 0 111111111111111111
11100101000110100010111010011001 0101 11110111110011011 0 111111111111111111
11100101000110100010111010011001 0110 10011111011111101 0 111111111111111111
10101100001110000111001000111011 0000 10001111001110011 0 111111111111111111
10101100001110000111001000111011 0010 10011100111111101 0 111111111111111111
10101100001110000111001000111011 0011 11010000011101000 0 111111111111111111
10101100001110000111001000111011 0100 10010000000111000 0 111111111111111111
11100101000110100010111010011001 0101 11110111110011011 0 111111111111111111
11100101000110100010111010011001 0110 10011111011111101 0 111111111111111111
01011110011111010100100010000111 0000 11010011100000100 0 111111111111111111
01011110011111010100100010000111 0010 10001010111110110 0 111111111111111111
01011110011111010100100010000111 0011 11111101111101011 0 111111111111111111
01011110011111010100100010000111 0100 10100100000000101 0 111111111111111111
11100101000110100010111010011001 0101 11110111110011011 0 111111111111111111
11100101000110100010111010011001 0110 10011111011111101 0 111111111111111111
10001010000110111111000100111111 0000 10111101101011010 0 111111111111111111
10001010000110111111000100111111 0011 10110011110100101 0 111111111111111111
10001010000110111111000100111111 0100 11000000000011011 0 111111111111111111
11100101000110100010111010011001 0101 11110111110011011 0 111111111111111111
11100101000110100010111010011001 0110 10011111011111101 0 111111111111111111
00010000000101010110000010110110 0000 10111000011001011 0 111111111111111111
00010000000101010110000010110110 0011 10100111011101110 0 111111111111111111
00010000000101010110000010110110 0100 10000000000010100 0 111111111111111111
11100101000110100010111010011001 0101 11110111110011011 0 111111111111111111
11100101000110100010111010011001 0110 10011111011111101 0 111111111111111111
00010110101000111111000100011110 0000 10000011111000001 0 111111111111111111
00010110101000111111000100011110 0011 10001101000011010 0 111111111111111111
00010110101000111111000100011110 0100 10001000000000010 0 111111111111111111
11100101000110100010111010011001 0101 11110111110011011 0 111111111111111111
11100101000110100010111010011001 0110 10011111011111101 0 111111111111111111
00111001010100001000110001101001 0000 11100010110111001 0 111111111111111111
00111001010100001000110001101001 0011 10100000111010000 0 111111111111111111
00111001010100001000110001101001 0100 10000100001000000 0 111111111111111111
11100101000110100010111010011001 0101 11110111110011011 0 111111111111111111
11100101000110100010111010011001 0110 10011111011111101 0 111111111111111111
11011110100101011110100011110101 0000 11100011110001010 0 111111111111111111
11011110100101011110100011110101 0011 10000110010011001 0 111111111111111111
11011110100101011110100011110101 0100 11100100010010101 0 111111111111111111
11100101000110100010111010011001 0101 11110111110011011 0 111111111111111111
11100101000110100010111010011001 0110 10011111011111101 0 111111111111111111
00000000000010001110110010100010 0000 11110110010101010 0 111111111111111111
00000000000010001110110010100010 0011 10110010100010000 0 111111111111111111
00000000000010001110110010100010 0100 10000000000000000 1 111111111111111111
11100101000110100010111010011001 0101 11110111110011011 0 111111111111111111
11100101000110100010111010011001 0110 10011111011111101 0 111111111111111111
11010000111101000111010000011100 0000 10100010100010000 0 111111111111111111
11010000111101000111010000011100 0010 10101110011011000 0 111111111111111111
11010000111101000111010000011100 0011 10110101010110000 0 111111111111111111
11010000111101000111010000011100 0100 10101000000010100 0 111111111111111111
11100101000110100010111010011001 0101 11110111110011011 0 111111111111111111
11100101000110100010111010011001 0110 10011111011111101 0 111111111111111111
00111000111000010111111010100100 0000 11011011110000101 0 111111111111111111
00111000111000010111111010100100 0011 10010111000100100 0 111111111111111111
00111000111000010111111010100100 0100 10011100010100000 0 111111111111111111
11100101000110100010111010011001 0101 11110111110011011 0 111111111111111111
11100101000110100010111010011001 0110 10011111011111101 0 111111111111111111
11011101100000011100000101001010 0000 11001111011001011 0 111111111111111111
11011101100000011100000101001010 0010 10001110000110111 0 111111111111111111
11011101100000011100000101001010 0011 10100100001001010 0 111111111111111111
11011101100000011100000101001010 0100 11100000100000000 0 111111111111111111
11100101000110100010111010011001 0101 11110111110011011 0 111111111111111111
11100101000110100010111010011001 0110 10011111011111101 0 111111111111111111
11001010000011101110011001110001 0000 11011000001111111 0 111111111111111111
11001010000011101110011001110001 0011 11100010000101110 0 111111111111111111
11001010000011101110011001110001 0100 11100001000000000 0 111111111111111111
11100101000110100010111010011001 0101 11110111110011011 0 111111111111111111
11100101000110100010111010011001 0110 10011111011111101 0 111111111111111111
10100111010111001111100001010001 0000 11001111110101101 0 111111111111111111
10100111010111001111100001010001 0011 10001010000011100 0 111111111111111111
10100111010111001111100001010001 0100 11010000001010000 0 111111111111111111
11100101000110100010111010011001 0101 11110111110011011 0 111111111111111111
11100101000110100010111010011001 0110 10011111011111101 0 111111111111111111
10001110010111000001000100100100 0000 11001111110000000 0 111111111111111111
10001110010111000001000100100100 0010 10111110100111000 0 111111111111111111
10001110010111000001000100100100 0011 10010000011110000 0 111111111111111111
10001110010111000001000100100100 0100 10000000000000100 0 111111111111111111
11100101000110100010111010011001 0101 11110111110011011 0 111111111111111111
11100101000110100010111010011001 0110 10011111011111101 0 111111111111111111
00011111011101001000011011001111 0000 11010011001000011 0 111111111111111111
00011111011101001000011011001111 0011 10010011011001100 0 111111111111111111
00011111011101001000011011001111 0100 10000011001000100 0 111111111111111111
11100101000110100010111010011001 0101 11110111110011011 0 111111111111111111
11100101000110100010111010011001 0110 10011111011111101 0 111111111111111111
00101000010101000110001111101100 0000 11000110001000000 0 111111111111111111
00101000010101000110001111101100 0011 11010100101110000 0 111111111111111111
00101000010101000110001111101100 0100 10010000001000100 0 111111111111111111
11100101000110100010111010011001 0101 11110111110011011 0 111111111111111111
11100101000110100010111010011001 0110 10011111011111101 0 111111111111111111
01110110101100010010001110101100 0000 11001101001011101 0 111111111111111111
01110110101100010010001110101100 0010 10101001100000101 0 111111111111111111
01110110101100010010001110101100 0011 11111000111101100 0 111111111111111111
01110110101100010010001110101100 0100 10010001010100000 0 111111111111111111
11100101000110100010111010011001 0101 11110111110011011 0 111111111111111111
11100101000110100010111010011001 0110 10011111011111101 0 111111111111111111
10100010100000000100000100001000 0000 11110001110001000 0 111111111111111111
10100010100000000100000100001000 0010 10110000101111000 0 111111111111111111
10100010100000000100000100001000 0011 11001010000000000 0 111111111111111111
10100010100000000100000100001000 0100 10000000000000000 1 111111111111111111
11100101000110100010111010011001 0101 11110111110011011 0 111111111111111111
11100101000110100010111010011001 0110 10011111011111101 0 111111111111111111
00111011100010010111100000110010 0000 11011001110111011 0 111111111111111111
00111011100010010111100000110010 0011 11101100011000010 0 111111111111111111
00111011100010010111100000110010 0100 10011100000000000 0 111111111111111111
11100101000110100010111010011001 0101 11110111110011011 0 111111111111111111
11100101000110100010111010011001 0110 10011111011111101 0 111111111111111111
10010101010011101110000000010101 0000 10111010101100011 0 111111111111111111
10010101010011101110000000010101 0011 10111111101100110 0 111111111111111111
10010101010011101110000000010101 0100 11000000000000100 0 111111111111111111
11100101000110100010111010011001 0101 11110111110011011 0 111111111111111111
11100101000110100010111010011001 0110 10011111011111101 0 111111111111111111
10010001010100010111100001111000 0000 10000100111001001 0 111111111111111111
10010001010100010111100001111000 0010 10001100011011001 0 111111111111111111
10010001010100010111100001111000 0011 10001010111111000 0 111111111111111111
10010001010100010111100001111000 0100 10001000001010000 0 111111111111111111
11100101000110100010111010011001 0101 11110111110011011 0 111111111111111111
11100101000110100010111010011001 0110 10011111011111101 0 111111111111111111
11010001011010001111011001101100 0000 11100011111010100 0 111111111111111111
11010001011010001111011001101100 0011 10100011111100000 0 111111111111111111
11010001011010001111011001101100 0100 11101000001101000 0 111111111111111111
11100101000110100010111010011001 0101 11110111110011011 0 111111111111111111
11100101000110100010111010011001 0110 10011111011111101 0 111111111111111111
10100010010010001100000011101101 0000 10110001100110101 0 111111111111111111
10100010010010001100000011101101 0011 10011110010101000 0 111111111111111111
10100010010010001100000011101101 0100 11000000001001000 0 111111111111111111
11100101000110100010111010011001 0101 11110111110011011 0 111111111111111111
11100101000110100010111010011001 0110 10011111011111101 0 111111111111111111
00110011010111000001011011100101 0000 10100101001000001 0 111111111111111111
00110011010111000001011011100101 0010 10001110001110111 0 111111111111111111
00110011010111000001011011100101 0011 11101100101001100 0 111111111111111111
00110011010111000001011011100101 0100 10001001001000100 0 111111111111111111
11100101000110100010111010011001 0101 11110111110011011 0 111111111111111111
11100101000110100010111010011001 0110 10011111011111101 0 111111111111111111
00100000001100000110011010111011 0000 11000011011101011 0 111111111111111111
00100000001100000110011010111011 0011 11010001100010000 0 111111111111111111
00100000001100000110011010111011 0100 10010000000110000 0 111111111111111111
11100101000110100010111010011001 0101 11110111110011011 0 111111111111111111
11100101000110100010111010011001 0110 10011111011111101 0 111111111111111111
01010111011101111101001001101101 0000 10010100111100100 0 111111111111111111
01010111011101111101001001101101 0011 11101101110101011 0 111111111111111111
01010111011101111101001001101101 0100 10101001001100101 0 111111111111111111
11100101000110100010111010011001 0101 11110111110011011 0 111111111111111111
11100101000110100010111010011001 0110 10011111011111101 0 111111111111111111
10010011000101101010101011111000 0000 10011111000001110 0 111111111111111111
10010011000101101010101011111000 0011 10001100101010000 0 111111111111111111
10010011000101101010101011111000 0100 11000001000010000 0 111111111111111111
11100101000110100010111010011001 0101 11110111110011011 0 111111111111111111
11100101000110100010111010011001 0110 10011111011111101 0 111111111111111111
01000010101110010010000100110001 0000 10110001111101010 0 111111111111111111
01000010101110010010000100110001 0010 10010000110001000 0 111111111111111111
01000010101110010010000100110001 0011 11001111001101001 0 111111111111111111
01000010101110010010000100110001 0100 10000000000110001 0 111111111111111111
11100101000110100010111010011001 0101 11110111110011011 0 111111111111111111
11100101000110100010111010011001 0110 10011111011111101 0 111111111111111111
11011000101111010001110010011000 0000 11111010101010101 0 111111111111111111
11011000101111010001110010011000 0010 11011110000100101 0 111111111111111111
11011000101111010001110010011000 0011 10101110000111000 0 111111111111111111
11011000101111010001110010011000 0100 10001100010011000 0 111111111111111111
11100101000110100010111010011001 0101 11110111110011011 0 111111111111111111
11100101000110100010111010011001 0110 10011111011111101 0 111111111111111111
10011010000111010110001100110000 0000 11111110101001101 0 111111111111111111
10011010000111010110001100110000 0010 10011011011101101 0 111111111111111111
10011010000111010110001100110000 0011 10001110001110000 0 111111111111111111
10011010000111010110001100110000 0100 10000001000010000 0 111111111111111111
11100101000110100010111010011001 0101 11110111110011011 0 111111111111111111
11100101000110100010111010011001 0110 10011111011111101 0 111111111111111111
00100010010111101011110001111111 0000 11101111011011101 0 111111111111111111
00100010010111101011110001111111 0011 10001010010100010 0 111111111111111111
00100010010111101011110001111111 0100 10010000001011110 0 111111111111111111
11100101000110100010111010011001 0101 11110111110011011 0 111111111111111111
11100101000110100010111010011001 0110 10011111011111101 0 111111111111111111
11111100101111101110001000011101 0000 11101111011011011 0 111111111111111111
11111100101111101110001000011101 0010 10001101010100001 0 111111111111111111
11111100101111101110001000011101 0011 10101110110000110 0 111111111111111111
11111100101111101110001000011101 0100 11110000000011100 0 111111111111111111
11100101000110100010111010011001 0101 11110111110011011 0 111111111111111111
11100101000110100010111010011001 0110 10011111011111101 0 111111111111111111
11110101000110111011001100110000 0000 11010100001001011 0 111111111111111111
11110101000110111011001100110000 0010 10100000111101011 0 111111111111111111
11110101000110111011001100110000 0011 11101011000010000 0 111111111111111111
11110101000110111011001100110000 0100 11011000100010000 0 111111111111111111
11100101000110100010111010011001 0101 11110111110011011 0 111111111111111111
11100101000110100010111010011001 0110 10011111011111101 0 111111111111111111
00001010001101011001101001111100 0000 11010010010110001 0 111111111111111111
00001010001101011001101001111100 0011 11101001110101100 0 111111111111111111
00001010001101011001101001111100 0100 10000101000110100 0 111111111111111111
11100101000110100010111010011001 0101 11110111110011011 0 111111111111111111
11100101000110100010111010011001 0110 10011111011111101 0 111111111111111111
10100000111100001001011011110111 0000 10011011111100111 0 111111111111111111
10100000111100001001011011110111 0010 10000100111111001 0 111111111111111111
10100000111100001001011011110111 0011 11110011110010000 0 111111111111111111
10100000111100001001011011110111 0100 11000000011110000 0 111111111111111111
11100101000110100010111010011001 0101 11110111110011011 0 111111111111111111
11100101000110100010111010011001 0110 10011111011111101 0 111111111111111111
11000001011100110101101010110000 0000 10001110000100011 0 111111111111111111
11000001011100110101101010110000 0010 10110011011000011 0 111111111111111111
11000001011100110101101010110000 0011 10110110100010000 0 111111111111111111
11000001011100110101101010110000 0100 10100000000110000 0 111111111111111111
11100101000110100010111010011001 0101 11110111110011011 0 111111111111111111
11100101000110100010111010011001 0110 10011111011111101 0 111111111111111111
00110110010111010011001110101111 0000 10110101000001100 0 111111111111111111
00110110010111010011001110101111 0010 10000001010101110 0 111111111111111111
00110110010111010011001110101111 0011 11011000010010011 0 111111111111111111
00110110010111010011001110101111 0100 10011001000001101 0 111111111111111111
11100101000110100010111010011001 0101 11110111110011011 0 111111111111111111
11100101000110100010111010011001 0110 10011111011111101 0 111111111111111111
11110011111011000011110111001011 0000 10011000110110111 0 111111111111111111
11110011111011000011110111001011 0010 11011011000100001 0 111111111111111111
11110011111011000011110111001011 0011 11010100000100100 0 111111111111111111
11110011111011000011110111001011 0100 10011000111001000 0 111111111111111111
11100101000110100010111010011001 0101 11110111110011011 0 111111111111111111
11100101000110100010111010011001 0110 10011111011111101 0 111111111111111111
01111110110011010000110111110000 0000 11000110010111101 0 111111111111111111
01111110110011010000110111110000 0010 10111000011011101 0 111111111111111111
01111110110011010000110111110000 0011 10100100100110000 0 111111111111111111
01111110110011010000110111110000 0100 10000110011000000 0 111111111111111111
11100101000110100010111010011001 0101 11110111110011011 0 111111111111111111
11100101000110100010111010011001 0110 10011111011111101 0 111111111111111111
00001111100100111101101010100000 0000 11110101000110011 0 111111111111111111
00001111100100111101101010100000 0011 11110100111100000 0 111111111111111111
00001111100100111101101010100000 0100 10000101010000000 0 111111111111111111
11100101000110100010111010011001 0101 11110111110011011 0 111111111111111111
11100101000110100010111010011001 0110 10011111011111101 0 111111111111111111
01000100101000101111100111000101 0000 10011111001100111 0 111111111111111111
01000100101000101111100111000101 0011 10110001010101010 0 111111111111111111
01000100101000101111100111000101 0100 10100000010000000 0 111111111111111111
11100101000110100010111010011001 0101 11110111110011011 0 111111111111111111
11100101000110100010111010011001 0110 10011111011111101 0 111111111111111111
01111111000000111100101110011011 0000 10100101010011110 0 111111111111111111
01111111000000111100101110011011 0011 10100011111010001 0 111111111111111111
01111111000000111100101110011011 0100 10100101100000011 0 111111111111111111
11100101000110100010111010011001 0101 11110111110011011 0 111111111111111111
11100101000110100010111010011001 0110 10011111011111101 0 111111111111111111
10011110011000010110100001101100 0000 10000011011001101 0 111111111111111111
10011110011000010110100001101100 0010 10011010111110101 0 111111111111111111
10011110011000010110100001101100 0011 10011100011101100 0 111111111111111111
10011110011000010110100001101100 0100 10000100001100000 0 111111111111111111
11100101000110100010111010011001 0101 11110111110011011 0 111111111111111111
11100101000110100010111010011001 0110 10011111011111101 0 111111111111111111
10010101100101001000010111011000 0000 10001101101101100 0 111111111111111111
10010101100101001000010111011000 0010 10000111110111100 0 111111111111111111
10010101100101001000010111011000 0011 10001100011100000 0 111111111111111111
10010101100101001000010111011000 0100 11000010110010000 0 111111111111111111
11100101000110100010111010011001 0101 11110111110011011 0 111111111111111111
11100101000110100010111010011001 0110 10011111011111101 0 111111111111111111
00000001100110001111000001111011 0000 11111001000010011 0 111111111111111111
00000001100110001111000001111011 0011 10100010000001000 0 111111111111111111
00000001100110001111000001111011 0100 10000000000011000 0 111111111111111111
11100101000110100010111010011001 0101 11110111110011011 0 111111111111111111
11100101000110100010111010011001 0110 10011111011111101 0 111111111111111111
10110011000010011011010011110010 0000 10110011111111011 0 111111111111111111
10110011000010011011010011110010 0011 11001001010000010 0 111111111111111111
10110011000010011011010011110010 0100 11011000000000000 0 111111111111111111
11100101000110100010111010011001 0101 11110111110011011 0 111111111111111111
11100101000110100010111010011001 0110 10011111011111101 0 111111111111111111
00100001110111101110100100000011 0000 10000101011100001 0 111111111111111111
00100001110111101110100100000011 0011 10111001110011010 0 111111111111111111
00100001110111101110100100000011 0100 10010000100000010 0 111111111111111111
11100101000110100010111010011001 0101 11110111110011011 0 111111111111111111
11100101000110100010111010011001 0110 10011111011111101 0 111111111111111111
10001111100101000110111101000111 0000 11111111011011011 0 111111111111111111
10001111100101000110111101000111 0010 10010000001001101 0 111111111111111111
10001111100101000110111101000111 0011 11111111000001100 0 111111111111111111
10001111100101000110111101000111 0100 10000111100000100 0 111111111111111111
11100101000110100010111010011001 0101 11110111110011011 0 111111111111111111
11100101000110100010111010011001 0110 10011111011111101 0 111111111111111111
10110100110011010110011111011111 0000 10001110010101100 0 111111111111111111
10110100110011010110011111011111 0010 10100110011101110 0 111111111111111111
10110100110011010110011111011111 0011 11111100110010011 0 111111111111111111
10110100110011010110011111011111 0100 10010010011001101 0 111111111111111111
11100101000110100010111010011001 0101 11110111110011011 0 111111111111111111
11100101000110100010111010011001 0110 10011111011111101 0 111111111111111111
10110110011111000111001110110011 0000 10010101000101111 0 111111111111111111
10110110011111000111001110110011 0010 10100001011001001 0 111111111111111111
10110110011111000111001110110011 0011 10100110010110100 0 111111111111111111
10110110011111000111001110110011 0100 10011001000110000 0 111111111111111111
11100101000110100010111010011001 0101 11110111110011011 0 111111111111111111
11100101000110100010111010011001 0110 10011111011111101 0 111111111111111111
10001101010000101111010000101000 0000 11000000101101010 0 111111111111111111
10001101010000101111010000101000 0011 11111101001010000 0 111111111111111111
10001101010000101111010000101000 0100 11000010000000000 0 111111111111111111
11100101000110100010111010011001 0101 11110111110011011 0 111111111111111111
11100101000110100010111010011001 0110 10011111011111101 0 111111111111111111
10001111001101101111000101000101 0000 11000000001111011 0 111111111111111111
10001111001101101111000101000101 0011 10110111110001110 0 111111111111111111
10001111001101101111000101000101 0100 11000000100000100 0 111111111111111111
11100101000110100010111010011001 0101 11110111110011011 0 111111111111111111
11100101000110100010111010011001 0110 10011111011111101 0 111111111111111111
01000000111111100101010101001110 0000 11001011001001100 0 111111111111111111
01000000111111100101010101001110 0011 10010001101100100 0 111111111111111111
01000000111111100101010101001110 0100 10100000001001110 0 111111111111111111
11100101000110100010111010011001 0101 11110111110011011 0 111111111111111111
11100101000110100010111010011001 0110 10011111011111101 0 111111111111111111
11001011010101011001101110100101 0000 10110011011111010 0 111111111111111111
11001011010101011001101110100101 0010 10010111110110000 0 111111111111111111
11001011010101011001101110100101 0011 11000010011001001 0 111111111111111111
11001011010101011001101110100101 0100 11000101100000101 0 111111111111111111
11100101000110100010111010011001 0101 11110111110011011 0 111111111111111111
11100101000110100010111010011001 0110 10011111011111101 0 111111111111111111
10100011110010100000000101111100 0000 11010010101000110 0 111111111111111111
10100011110010100000000101111100 0010 11010001001001110 0 111111111111111111
10100011110010100000000101111100 0011 10001111111011000 0 111111111111111111
10100011110010100000000101111100 0100 10000000101001000 0 111111111111111111
11100101000110100010111010011001 0101 11110111110011011 0 111111111111111111
11100101000110100010111010011001 0110 10011111011111101 0 111111111111111111
01110010111111010101001111000111 0000 11100011011000100 0 111111111111111111
01110010111111010101001111000111 0010 10001111100110110 0 111111111111111111
01110010111111010101001111000111 0011 10110100110101011 0 111111111111111111
01110010111111010101001111000111 0100 10101001011000101 0 111111111111111111
11100101000110100010111010011001 0101 11110111110011011 0 111111111111111111
11100101000110100010111010011001 0110 10011111011111101 0 111111111111111111
00111111010011011110011001010001 0000 10010010110011110 0 111111111111111111
00111111010011011110011001010001 0011 10011010101011101 0 111111111111111111
00111111010011011110011001010001 0100 10010011001000001 0 111111111111111111
11100101000110100010111010011001 0101 11110111110011011 0 111111111111111111
11100101000110100010111010011001 0110 10011111011111101 0 111111111111111111
10001000100100101101101101101110 0000 10110010000000000 0 111111111111111111
10001000100100101101101101101110 0011 11001010010111100 0 111111111111111111
10001000100100101101101101101110 0100 11000100000000010 0 111111111111111111
11100101000110100010111010011001 0101 11110111110011011 0 111111111111111111
11100101000110100010111010011001 0110 10011111011111101 0 111111111111111111
00001010001011010101110000010101 0000 10110011001000010 0 111111111111111111
00001010001011010101110000010101 0011 10000000110110001 0 111111111111111111
00001010001011010101110000010101 0100 10000100000000101 0 111111111111111111
11100101000110100010111010011001 0101 11110111110011011 0 111111111111111111
11100101000110100010111010011001 0110 10011111011111101 0 111111111111111111
11101110110000010111100001101000 0000 10110011100101001 0 111111111111111111
11101110110000010111100001101000 0010 10111011001011001 0 111111111111111111
11101110110000010111100001101000 0011 10111011001101000 0 111111111111111111
11101110110000010111100001101000 0100 10110100001000000 0 111111111111111111
11100101000110100010111010011001 0101 11110111110011011 0 111111111111111111
11100101000110100010111010011001 0110 10011111011111101 0 111111111111111111
00110100101100101010111010000010 0000 11110001100110100 0 111111111111111111
00110100101100101010111010000010 0011 11011111001100100 0 111111111111111111
00110100101100101010111010000010 0100 10010010010000010 0 111111111111111111
11100101000110100010111010011001 0101 11110111110011011 0 111111111111111111
11100101000110100010111010011001 0110 10011111011111101 0 111111111111111111
10101010101101111101111111010001 0000 11000101010001000 0 111111111111111111
10101010101101111101111111010001 0011 11100100001100111 0 111111111111111111
10101010101101111101111111010001 0100 11000101010010001 0 111111111111111111
11100101000110100010111010011001 0101 11110111110011011 0 111111111111111111
11100101000110100010111010011001 0110 10011111011111101 0 111111111111111111
10010111010011100100111000000001 0000 11110010101001111 0 111111111111111111
10010111010011100100111000000001 0010 10100100101001101 0 111111111111111111
10010111010011100100111000000001 0011 10101101101001110 0 111111111111111111
10010111010011100100111000000001 0100 10000011000000000 0 111111111111111111
11100101000110100010111010011001 0101 11110111110011011 0 111111111111111111
11100101000110100010111010011001 0110 10011111011111101 0 111111111111111111
01110101101010011110010001101111 0000 10101101000011000 0 111111111111111111
01110101101010011110010001101111 0011 11000100001000111 0 111111111111111111
01110101101010011110010001101111 0100 10110010000101001 0 111111111111111111
11100101000110100010111010011001 0101 11110111110011011 0 111111111111111111
11100101000110100010111010011001 0110 10011111011111101 0 111111111111111111
01100101101000000100100001001100 0000 11010110111101100 0 111111111111111111
01100101101000000100100001001100 0010 10001110101010100 0 111111111111111111
01100101101000000100100001001100 0011 10010101110000000 0 111111111111111111
01100101101000000100100001001100 0100 10100000000000000 0 111111111111111111
11100101000110100010111010011001 0101 11110111110011011 0 111111111111111111
11100101000110100010111010011001 0110 10011111011111101 0 111111111111111111
00101011100001000000100000100110 0000 10011001110101010 0 111111111111111111
00101011100001000000100000100110 0010 10010001101011110 0 111111111111111111
00101011100001000000100000100110 0011 11001010110011000 0 111111111111111111
00101011100001000000100000100110 0100 10000100000000100 0 111111111111111111
11100101000110100010111010011001 0101 11110111110011011 0 111111111111111111
11100101000110100010111010011001 0110 10011111011111101 0 111111111111111111
00010000111111001010111100101001 0000 11100000000100101 0 111111111111111111
00010000111111001010111100101001 0011 11111110001011100 0 111111111111111111
00010000111111001010111100101001 0100 10000000000101000 0 111111111111111111
11100101000110100010111010011001 0101 11110111110011011 0 111111111111111111
11100101000110100010111010011001 0110 10011111011111101 0 111111111111111111
01011110011000100010101001011100 0000 11000100010111110 0 111111111111111111
01011110011000100010101001011100 0010 10011010000000110 0 111111111111111111
01011110011000100010101001011100 0011 11111111100111000 0 111111111111111111
01011110011000100010101001011100 0100 10000101001000000 0 111111111111111111
11100101000110100010111010011001 0101 11110111110011011 0 111111111111111111
11100101000110100010111010011001 0110 10011111011111101 0 111111111111111111
10010111010010010000100011111110 0000 11010000001000111 0 111111111111111111
10010111010010010000100011111110 0010 11000111001001011 0 111111111111111111
10010111010010010000100011111110 0011 10110001001101110 0 111111111111111111
10010111010010010000100011111110 0100 10000000001001000 0 111111111111111111
11100101000110100010111010011001 0101 11110111110011011 0 111111111111111111
11100101000110100010111010011001 0110 10011111011111101 0 111111111111111111
00100000101111011110010111101111 0000 10000011010101100 0 111111111111111111
00100000101111011110010111101111 0011 11010000101110011 0 111111111111111111
00100000101111011110010111101111 0100 10010000010101101 0 111111111111111111
11100101000110100010111010011001 0101 11110111110011011 0 111111111111111111
11100101000110100010111010011001 0110 10011111011111101 0 111111111111111111
00110110001001110111000110100010 0000 11010011111001001 0 111111111111111111
00110110001001110111000110100010 0011 10111101110101110 0 111111111111111111
00110110001001110111000110100010 0100 10011000000100010 0 111111111111111111
11100101000110100010111010011001 0101 11110111110011011 0 111111111111111111
11100101000110100010111010011001 0110 10011111011111101 0 111111111111111111
10100110011011100110001110010100 0000 10000101000000010 0 111111111111111111
10100110011011100110001110010100 0010 10100001011011010 0 111111111111111111
10100110011011100110001110010100 0011 11100000110011000 0 111111111111111111
10100110011011100110001110010100 0100 10010001000000100 0 111111111111111111
11100101000110100010111010011001 0101 11110111110011011 0 111111111111111111
11100101000110100010111010011001 0110 10011111011111101 0 111111111111111111
01001001110010000100001001100011 0000 11000110000101011 0 111111111111111111
01001001110010000100001001100011 0010 10000011101100101 0 111111111111111111
01001001110010000100001001100011 0011 10001100001011000 0 111111111111111111
01001001110010000100001001100011 0100 10100000001000000 0 111111111111111111
11100101000110100010111010011001 0101 11110111110011011 0 111111111111111111
11100101000110100010111010011001 0110 10011111011111101 0 111111111111111111
11001010001010101000011000000110 0000 10101000000110000 0 111111111111111111
11001010001010101000011000000110 0010 10100010000100100 0 111111111111111111
11001010001010101000011000000110 0011 11011100011111100 0 111111111111111111
11001010001010101000011000000110 0100 11000001000000010 0 111111111111111111
11100101000110100010111010011001 0101 11110111110011011 0 111111111111111111
11100101000110100010111010011001 0110 10011111011111101 0 111111111111111111
11100100111101001000111101001111 0000 10111010001000011 0 111111111111111111
11100100111101001000111101001111 0010 10101010110100101 0 111111111111111111
11100100111101001000111101001111 0011 11111001101001100 0 111111111111111111
11100100111101001000111101001111 0100 11000010001000100 0 111111111111111111
11100101000110100010111010011001 0101 11110111110011011 0 111111111111111111
11100101000110100010111010011001 0110 10011111011111101 0 111111111111111111
11110110100010110110100111110100 0000 10110000001111111 0 111111111111111111
11110110100010110110100111110100 0010 11000110010010111 0 111111111111111111
11110110100010110110100111110100 0011 11111111101111100 0 111111111111111111
11110110100010110110100111110100 0100 10110000010000000 0 111111111111111111
11100101000110100010111010011001 0101 11110111110011011 0 111111111111111111
11100101000110100010111010011001 0110 10011111011111101 0 111111111111111111
11001001000000101001110101110110 0000 10110011001111000 0 111111111111111111
11001001000000101001110101110110 0010 10010101110001100 0 111111111111111111
11001001000000101001110101110110 0011 11110000011101100 0 111111111111111111
11001001000000101001110101110110 0100 11000100100000010 0 111111111111111111
11100101000110100010111010011001 0101 11110111110011011 0 111111111111111111
11100101000110100010111010011001 0110 10011111011111101 0 111111111111111111
10001111010001001110011110111100 0000 10111011100000000 0 111111111111111111
10001111010001001110011110111100 0011 11001000111110000 0 111111111111111111
10001111010001001110011110111100 0100 11000011100000100 0 111111111111111111
11100101000110100010111010011001 0101 11110111110011011 0 111111111111111111
11100101000110100010111010011001 0110 10011111011111101 0 111111111111111111
00110010011010010100100110101000 0000 10111110000010001 0 111111111111111111
00110010011010010100100110101000 0011 10000010111101000 0 111111111111111111
00110010011010010100100110101000 0100 10000000000101000 0 111111111111111111
11100101000110100010111010011001 0101 11110111110011011 0 111111111111111111
11100101000110100010111010011001 0110 10011111011111101 0 111111111111111111
00010100101001011000001010100000 0000 11001011101000101 0 111111111111111111
00010100101001011000001010100000 0011 11011000100100000 0 111111111111111111
00010100101001011000001010100000 0100 10000000010100000 0 111111111111111111
11100101000110100010111010011001 0101 11110111110011011 0 111111111111111111
11100101000110100010111010011001 0110 10011111011111101 0 111111111111111111
11011111110000110100101101101001 0000 10010101100101100 0 111111111111111111
11011111110000110100101101101001 0010 11001010001011010 0 111111111111111111
11011111110000110100101101101001 0011 11110011111111011 0 111111111111111111
11011111110000110100101101101001 0100 10100101101000001 0 111111111111111111
11100101000110100010111010011001 0101 11110111110011011 0 111111111111111111
11100101000110100010111010011001 0110 10011111011111101 0 111111111111111111
11001000001101100110100000001111 0000 10011000001000101 0 111111111111111111
11001000001101100110100000001111 0010 10110000000100111 0 111111111111111111
11001000001101100110100000001111 0011 11010101100101010 0 111111111111111111
11001000001101100110100000001111 0100 10100100000000110 0 111111111111111111
11100101000110100010111010011001 0101 11110111110011011 0 111111111111111111
11100101000110100010111010011001 0110 10011111011111101 0 111111111111111111
00010100100111110010101110100000 0000 10100000000111111 0 111111111111111111
00010100100111110010101110100000 0011 11001100001100000 0 111111111111111111
00010100100111110010101110100000 0100 10000000010000000 0 111111111111111111
11100101000110100010111010011001 0101 11110111110011011 0 111111111111111111
11100101000110100010111010011001 0110 10011111011111101 0 111111111111111111
11011111011110010100000011111100 0000 10010000001110101 0 111111111111111111
11011111011110010100000011111100 0010 11001111001111101 0 111111111111111111
11011111011110010100000011111100 0011 10011101100011100 0 111111111111111111
11011111011110010100000011111100 0100 10100000001111000 0 111111111111111111
11100101000110100010111010011001 0101 11110111110011011 0 111111111111111111
11100101000110100010111010011001 0110 10011111011111101 0 111111111111111111
01010000010010010000001101100001 0000 10101001110101010 0 111111111111111111
01010000010010010000001101100001 0010 10100110011101000 0 111111111111111111
01010000010010010000001101100001 0011 10100011010101001 0 111111111111111111
01010000010010010000001101100001 0100 10000000001000001 0 111111111111111111
11100101000110100010111010011001 0101 11110111110011011 0 111111111111111111
11100101000110100010111010011001 0110 10011111011111101 0 111111111111111111
01011001010111110001001010110010 0000 10110110000010001 0 111111111111111111
01011001010111110001001010110010 0010 10100011010101101 0 111111111111111111
01011001010111110001001010110010 0011 11101001000001110 0 111111111111111111
01011001010111110001001010110010 0100 10001000000010010 0 111111111111111111
11100101000110100010111010011001 0101 11110111110011011 0 111111111111111111
11100101000110100010111010011001 0110 10011111011111101 0 111111111111111111
11100001011110110000011011100010 0000 11110100001011101 0 111111111111111111
11100001011110110000011011100010 0010 11101101010011001 0 111111111111111111
11100001011110110000011011100010 0011 11111000010010110 0 111111111111111111
11100001011110110000011011100010 0100 10000000001100010 0 111111111111111111
11100101000110100010111010011001 0101 11110111110011011 0 111111111111111111
11100101000110100010111010011001 0110 10011111011111101 0 111111111111111111
10111000011010100110100011010101 0000 10010000100111111 0 111111111111111111
10111000011010100110100011010101 0010 10100111110010101 0 111111111111111111
10111000011010100110100011010101 0011 11000000000110010 0 111111111111111111
10111000011010100110100011010101 0100 10010100001000000 0 111111111111111111
11100101000110100010111010011001 0101 11110111110011011 0 111111111111111111
11100101000110100010111010011001 0110 10011111011111101 0 111111111111111111
10000101110000010000001000111001 0000 11000011111111010 0 111111111111111111
10000101110000010000001000111001 0010 11000001110001000 0 111111111111111111
10000101110000010000001000111001 0011 10100100111111001 0 111111111111111111
10000101110000010000001000111001 0100 10000000000000001 0 111111111111111111
11100101000110100010111010011001 0101 11110111110011011 0 111111111111111111
11100101000110100010111010011001 0110 10011111011111101 0 111111111111111111
00000100101001100010100011110001 0000 10010110110010111 0 111111111111111111
00000100101001100010100011110001 0011 10101000001000110 0 111111111111111111
00000100101001100010100011110001 0100 10000000010100000 0 111111111111111111
11100101000110100010111010011001 0101 11110111110011011 0 111111111111111111
11100101000110100010111010011001 0110 10011111011111101 0 111111111111111111
11101011010111100100011000101010 0000 10011000110001000 0 111111111111111111
11101011010111100100011000101010 0010 11010010100110100 0 111111111111111111
11101011010111100100011000101010 0011 10101000101101100 0 111111111111111111
11101011010111100100011000101010 0100 10100001000001010 0 111111111111111111
11100101000110100010111010011001 0101 11110111110011011 0 111111111111111111
11100101000110100010111010011001 0110 10011111011111101 0 111111111111111111
10011010110001101010010000001001 0000 10011111011001111 0 111111111111111111
10011010110001101010010000001001 0011 10100100011110110 0 111111111111111111
10011010110001101010010000001001 0100 11000000000000000 0 111111111111111111
11100101000110100010111010011001 0101 11110111110011011 0 111111111111111111
11100101000110100010111010011001 0110 10011111011111101 0 111111111111111111
10011000000010101001001111100111 0000 10010101111110001 0 111111111111111111
10011000000010101001001111100111 0010 10000010000100011 0 111111111111111111
10011000000010101001001111100111 0011 11110111100000110 0 111111111111111111
10011000000010101001001111100111 0100 11001000000000010 0 111111111111111111
11100101000110100010111010011001 0101 11110111110011011 0 111111111111111111
11100101000110100010111010011001 0110 10011111011111101 0 111111111111111111
10000100000001011000011100100111 0000 10000101100101100 0 111111111111111111
10000100000001011000011100100111 0011 11011111111000011 0 111111111111111111
10000100000001011000011100100111 0100 11000010000000101 0 111111111111111111
11100101000110100010111010011001 0101 11110111110011011 0 111111111111111111
11100101000110100010111010011001 0110 10011111011111101 0 111111111111111111
01010011100000000010000110101100 0000 10111010100101100 0 111111111111111111
01010011100000000010000110101100 0010 10011000111010100 0 111111111111111111
01010011100000000010000110101100 0011 11001101000000000 0 111111111111111111
01010011100000000010000110101100 0100 10000000110000000 0 111111111111111111
11100101000110100010111010011001 0101 11110111110011011 0 111111111111111111
11100101000110100010111010011001 0110 10011111011111101 0 111111111111111111
11100001010001010001100011001100 0000 11111101000010001 0 111111111111111111
11100001010001010001100011001100 0010 11100100001111001 0 111111111111111111
11100001010001010001100011001100 0011 11111101011111100 0 111111111111111111
11100001010001010001100011001100 0100 10000000001000100 0 111111111111111111
11100101000110100010111010011001 0101 11110111110011011 0 111111111111111111
11100101000110100010111010011001 0110 10011111011111101 0 111111111111111111
10100111000011110100101101110010 0000 11111001010000001 0 111111111111111111
10100111000011110100101101110010 0010 10101101110011101 0 111111111111111111
10100111000011110100101101110010 0011 11100100110101110 0 111111111111111111
10100111000011110100101101110010 0100 10000001100000010 0 111111111111111111
11100101000110100010111010011001 0101 11110111110011011 0 111111111111111111
11100101000110100010111010011001 0110 10011111011111101 0 111111111111111111
00011101101110000010001011111011 0000 10100000010110011 0 111111111111111111
00011101101110000010001011111011 0011 11001001101101000 0 111111111111111111
00011101101110000010001011111011 0100 10000000010111000 0 111111111111111111
11100101000110100010111010011001 0101 11110111110011011 0 111111111111111111
11100101000110100010111010011001 0110 10011111011111101 0 111111111111111111
00101110100011100101101001110100 0000 11000100100000010 0 111111111111111111
00101110100011100101101001110100 0011 10000010001011000 0 111111111111111111
00101110100011100101101001110100 0100 10000101000000100 0 111111111111111111
11100101000110100010111010011001 0101 11110111110011011 0 111111111111111111
11100101000110100010111010011001 0110 10011111011111101 0 111111111111111111
11110000010000000110100101110001 0000 10101100110110001 0 111111111111111111
11110000010000000110100101110001 0010 11000011011001111 0 111111111111111111
11110000010000000110100101110001 0011 10100110001000000 0 111111111111111111
11110000010000000110100101110001 0100 10110000001000000 0 111111111111111111
11100101000110100010111010011001 0101 11110111110011011 0 111111111111111111
11100101000110100010111010011001 0110 10011111011111101 0 111111111111111111
11011101101000111111110100001001 0000 11101101010101100 0 111111111111111111
11011101101000111111110100001001 0011 11110000110111011 0 111111111111111111
11011101101000111111110100001001 0100 11101110100000001 0 111111111111111111
11100101000110100010111010011001 0101 11110111110011011 0 111111111111111111
11100101000110100010111010011001 0110 10011111011111101 0 111111111111111111
10111000101001110010000111111011 0000 11101101010100010 0 111111111111111111
10111000101001110010000111111011 0010 11001011010101100 0 111111111111111111
10111000101001110010000111111011 0011 11001001010111101 0 111111111111111111
10111000101001110010000111111011 0100 10010000010100011 0 111111111111111111
11100101000110100010111010011001 0101 11110111110011011 0 111111111111111111
11100101000110100010111010011001 0110 10011111011111101 0 111111111111111111
00101110111100110010011110100010 0000 10101011010010101 0 111111111111111111
00101110111100110010011110100010 0010 10000011101010001 0 111111111111111111
00101110111100110010011110100010 0011 11011101011000110 0 111111111111111111
00101110111100110010011110100010 0100 10010011010100010 0 111111111111111111
11100101000110100010111010011001 0101 11110111110011011 0 111111111111111111
11100101000110100010111010011001 0110 10011111011111101 0 111111111111111111
10011000111001011010110111010010 0000 10100011010110111 0 111111111111111111
10011000111001011010110111010010 0011 10010110011011010 0 111111111111111111
10011000111001011010110111010010 0100 11000100011000000 0 111111111111111111
11100101000110100010111010011001 0101 11110111110011011 0 111111111111111111
11100101000110100010111010011001 0110 10011111011111101 0 111111111111111111
01100110000100011001101011110101 0000 10000000100000110 0 111111111111111111
01100110000100011001101011110101 0011 11110100001000101 0 111111111111111111
01100110000100011001101011110101 0100 10000001000010001 0 111111111111111111
11100101000110100010111010011001 0101 11110111110011011 0 111111111111111111
11100101000110100010111010011001 0110 10011111011111101 0 111111111111111111
01100110000000111000010110010110 0000 11110101110011001 0 111111111111111111
01100110000000111000010110010110 0011 10101010011000010 0 111111111111111111
01100110000000111000010110010110 0100 10000010000000010 0 111111111111111111
11100101000110100010111010011001 0101 11110111110011011 0 111111111111111111
11100101000110100010111010011001 0110 10011111011111101 0 111111111111111111
10110110001000101111000001110001 0000 11010011010010011 0 111111111111111111
10110110001000101111000001110001 0011 10100010100000010 0 111111111111111111
10110110001000101111000001110001 0100 11011000000100000 0 111111111111111111
11100101000110100010111010011001 0101 11110111110011011 0 111111111111111111
11100101000110100010111010011001 0110 10011111011111101 0 111111111111111111
01001000101110011100111001010011 0000 10001011100001100 0 111111111111111111
01001000101110011100111001010011 0011 10111000111111011 0 111111111111111111
01001000101110011100111001010011 0100 10100100000010001 0 111111111111111111
11100101000110100010111010011001 0101 11110111110011011 0 111111111111111111
11100101000110100010111010011001 0110 10011111011111101 0 111111111111111111
00000101000111111110011111000101 0000 11110110011100100 0 111111111111111111
00000101000111111110011111000101 0011 11110100111011011 0 111111111111111111
00000101000111111110011111000101 0100 10000010100000101 0 111111111111111111
11100101000110100010111010011001 0101 11110111110011011 0 111111111111111111
11100101000110100010111010011001 0110 10011111011111101 0 111111111111111111
00110101000011101011001101110010 0000 11110100010000000 0 111111111111111111
00110101000011101011001101110010 0011 10110101000111100 0 111111111111111111
00110101000011101011001101110010 0100 10011000100000010 0 111111111111111111
11100101000110100010111010011001 0101 11110111110011011 0 111111111111111111
11100101000110100010111010011001 0110 10011111011111101 0 111111111111111111
11100100111001101101000011110001 0000 11011010111010111 0 111111111111111111
11100100111001101101000011110001 0010 10001001111110101 0 111111111111111111
11100100111001101101000011110001 0011 10101110010000110 0 111111111111111111
11100100111001101101000011110001 0100 11100000011100000 0 111111111111111111
11100101000110100010111010011001 0101 11110111110011011 0 111111111111111111
11100101000110100010111010011001 0110 10011111011111101 0 111111111111111111
01111001111000001001110010000111 0000 10001011001100111 0 111111111111111111
01111001111000001001110010000111 0011 11100010100100000 0 111111111111111111
01111001111000001001110010000111 0100 10001100010000000 0 111111111111111111
11100101000110100010111010011001 0101 11110111110011011 0 111111111111111111
11100101000110100010111010011001 0110 10011111011111101 0 111111111111111111
10100011000011110011000111000010 0000 11101010011010001 0 111111111111111111
10100011000011110011000111000010 0010 10111000101001101 0 111111111111111111
10100011000011110011000111000010 0011 10111000001011110 0 111111111111111111
10100011000011110011000111000010 0100 10010000100000010 0 111111111111111111
11100101000110100010111010011001 0101 11110111110011011 0 111111111111111111
11100101000110100010111010011001 0110 10011111011111101 0 111111111111111111
00101111110010111111001000111011 0000 10010001000000110 0 111111111111111111
00101111110010111111001000111011 0011 11110100111001001 0 111111111111111111
00101111110010111111001000111011 0100 10010001000001011 0 111111111111111111
11100101000110100010111010011001 0101 11110111110011011 0 111111111111111111
11100101000110100010111010011001 0110 10011111011111101 0 111111111111111111
11101010100111111110010100110010 0000 11100111111010001 0 111111111111111111
11101010100111111110010100110010 0010 10000010101101101 0 111111111111111111
11101010100111111110010100110010 0011 10000111000001110 0 111111111111111111
11101010100111111110010100110010 0100 11110000000010010 0 111111111111111111
11100101000110100010111010011001 0101 11110111110011011 0 111111111111111111
11100101000110100010111010011001 0110 10011111011111101 0 111111111111111111
10100100010101101101111011011000 0000 11000001100101110 0 111111111111111111
10100100010101101101111011011000 0011 10011110010010000 0 111111111111111111
10100100010101101101111011011000 0100 11000010001010000 0 111111111111111111
11100101000110100010111010011001 0101 11110111110011011 0 111111111111111111
11100101000110100010111010011001 0110 10011111011111101 0 111111111111111111
01001011100110001101011101100111 0000 10010001011111111 0 111111111111111111
01001011100110001101011101100111 0011 10001001000101000 0 111111111111111111
01001011100110001101011101100111 0100 10100001100000000 0 111111111111111111
11100101000110100010111010011001 0101 11110111110011011 0 111111111111111111
11100101000110100010111010011001 0110 10011111011111101 0 111111111111111111
00001010010000011001000011100000 0000 11001101100100001 0 111111111111111111
00001010010000011001000011100000 0011 11000100011100000 0 111111111111111111
00001010010000011001000011100000 0100 10000000001000000 0 111111111111111111
11100101000110100010111010011001 0101 11110111110011011 0 111111111111111111
11100101000110100010111010011001 0110 10011111011111101 0 111111111111111111
00011100001101101000101100111111 0000 11010011101110101 0 111111111111111111
00011100001101101000101100111111 0011 10100001101001010 0 111111111111111111
00011100001101101000101100111111 0100 10000100000110110 0 111111111111111111
11100101000110100010111010011001 0101 11110111110011011 0 111111111111111111
11100101000110100010111010011001 0110 10011111011111101 0 111111111111111111
00110101100110111101111010100000 0000 10001010000111011 0 111111111111111111
00110101100110111101111010100000 0011 11110101011100000 0 111111111111111111
00110101100110111101111010100000 0100 10001010010000000 0 111111111111111111
11100101000110100010111010011001 0101 11110111110011011 0 111111111111111111
11100101000110100010111010011001 0110 10011111011111101 0 111111111111111111
10000110111001111011100111110000 0000 10100000011010111 0 111111111111111111
10000110111001111011100111110000 0011 10110011110010000 0 111111111111111111
10000110111001111011100111110000 0100 11000000011100000 0 111111111111111111
11100101000110100010111010011001 0101 11110111110011011 0 111111111111111111
11100101000110100010111010011001 0110 10011111011111101 0 111111111111111111
11100000101011101011010001101000 0000 11001010100010110 0 111111111111111111
11100000101011101011010001101000 0010 10010110001000110 0 111111111111111111
11100000101011101011010001101000 0011 11001111010110000 0 111111111111111111
11100000101011101011010001101000 0100 11010000000101000 0 111111111111111111
11100101000110100010111010011001 0101 11110111110011011 0 111111111111111111
11100101000110100010111010011001 0110 10011111011111101 0 111111111111111111
10001000100111010000100010000110 0000 11001000100100011 0 111111111111111111
10001000100111010000100010000110 0010 11000000000010111 0 111111111111111111
10001000100111010000100010000110 0011 10110101000101110 0 111111111111111111
10001000100111010000100010000110 0100 10000100010000100 0 111111111111111111
11100101000110100010111010011001 0101 11110111110011011 0 111111111111111111
11100101000110100010111010011001 0110 10011111011111101 0 111111111111111111
11100000011100101001010010001101 0000 10111010011111111 0 111111111111111111
11100000011100101001010010001101 0010 10100101111100101 0 111111111111111111
11100000011100101001010010001101 0011 11000011011001010 0 111111111111111111
11100000011100101001010010001101 0100 11000000000000000 0 111111111111111111
11100101000110100010111010011001 0101 11110111110011011 0 111111111111111111
11100101000110100010111010011001 0110 10011111011111101 0 111111111111111111
10101001001101110001010100110101 0000 11011111001101100 0 111111111111111111
10101001001101110001010100110101 0010 11001010000000010 0 111111111111111111
10101001001101110001010100110101 0011 11000101101100011 0 111111111111111111
10101001001101110001010100110101 0100 10000000100110101 0 111111111111111111
11100101000110100010111010011001 0101 11110111110011011 0 111111111111111111
11100101000110100010111010011001 0110 10011111011111101 0 111111111111111111
10110010010101111100010000011001 0000 10111011001110000 0 111111111111111111
10110010010101111100010000011001 0011 10000011001111111 0 111111111111111111
10110010010101111100010000011001 0100 11000000000010001 0 111111111111111111
11100101000110100010111010011001 0101 11110111110011011 0 111111111111111111
11100101000110100010111010011001 0110 10011111011111101 0 111111111111111111
01100100110101110001101001000001 0000 10111111100011000 0 111111111111111111
01100100110101110001101001000001 0010 10100101010010110 0 111111111111111111
01100100110101110001101001000001 0011 10111000010010111 0 111111111111111111
01100100110101110001101001000001 0100 10000000001000001 0 111111111111111111
11100101000110100010111010011001 0101 11110111110011011 0 111111111111111111
11100101000110100010111010011001 0110 10011111011111101 0 111111111111111111
00100110101110110011100010001010 0000 10101111101000101 0 111111111111111111
00100110101110110011100010001010 0011 11100100011001110 0 111111111111111111
00100110101110110011100010001010 0100 10010000010001010 0 111111111111111111
11100101000110100010111010011001 0101 11110111110011011 0 111111111111111111
11100101000110100010111010011001 0110 10011111011111101 0 111111111111111111
01101100000010010011011010010111 0000 11010001010100000 0 111111111111111111
01101100000010010011011010010111 0010 10011010101110010 0 111111111111111111
01101100000010010011011010010111 0011 11001111101001111 0 111111111111111111
01101100000010010011011010010111 0100 10010010000000001 0 111111111111111111
11100101000110100010111010011001 0101 11110111110011011 0 111111111111111111
11100101000110100010111010011001 0110 10011111011111101 0 111111111111111111
11111100000000111000110010111110 0000 11000100011000001 0 111111111111111111
11111100000000111000110010111110 0010 10110111101000101 0 111111111111111111
11111100000000111000110010111110 0011 11010111000111010 0 111111111111111111
11111100000000111000110010111110 0100 11000110000000010 0 111111111111111111
11100101000110100010111010011001 0101 11110111110011011 0 111111111111111111
11100101000110100010111010011001 0110 10011111011111101 0 111111111111111111
10111010110110101110011100010000 0000 11010000111101010 0 111111111111111111
10111010110110101110011100010000 0011 10110001110100000 0 111111111111111111
10111010110110101110011100010000 0100 11010001000010000 0 111111111111111111
11100101000110100010111010011001 0101 11110111110011011 0 111111111111111111
11100101000110100010111010011001 0110 10011111011111101 0 111111111111111111
11011000101110001000010100010111 0000 10101110111001111 0 111111111111111111
11011000101110001000010100010111 0010 10101001110100001 0 111111111111111111
11011000101110001000010100010111 0011 10001000010001000 0 111111111111111111
11011000101110001000010100010111 0100 11000000000010000 0 111111111111111111
11100101000110100010111010011001 0101 11110111110011011 0 111111111111111111
11100101000110100010111010011001 0110 10011111011111101 0 111111111111111111
10011111110000110000111110111100 0000 11010111101111111 0 111111111111111111
10011111110000110000111110111100 0010 11001000000000111 0 111111111111111111
10011111110000110000111110111100 0011 11100000000110100 0 111111111111111111
10011111110000110000111110111100 0100 10000111110000000 0 111111111111111111
11100101000110100010111010011001 0101 11110111110011011 0 111111111111111111
11100101000110100010111010011001 0110 10011111011111101 0 111111111111111111
10010001001110101010000111000111 0000 10011001100000001 0 111111111111111111
10010001001110101010000111000111 0011 10101111000010110 0 111111111111111111
10010001001110101010000111000111 0100 11000000100000010 0 111111111111111111
11100101000110100010111010011001 0101 11110111110011011 0 111111111111111111
11100101000110100010111010011001 0110 10011111011111101 0 111111111111111111
01101011110001001010101110001100 0000 10001011101010000 0 111111111111111111
01101011110001001010101110001100 0011 11101101100110000 0 111111111111111111
01101011110001001010101110001100 0100 10010101110000100 0 111111111111111111
11100101000110100010111010011001 0101 11110111110011011 0 111111111111111111
11100101000110100010111010011001 0110 10011111011111101 0 111111111111111111
11100111000101001101010111111001 0000 11011110100001101 0 111111111111111111
11100111000101001101010111111001 0010 10001000100011011 0 111111111111111111
11100111000101001101010111111001 0011 10110011001110100 0 111111111111111111
11100111000101001101010111111001 0100 11100010100010000 0 111111111111111111
11100101000110100010111010011001 0101 11110111110011011 0 111111111111111111
11100101000110100010111010011001 0110 10011111011111101 0 111111111111111111
10011111101000010111001000000100 0000 10001000110100101 0 111111111111111111
10011111101000010111001000000100 0010 10010110110011101 0 111111111111111111
10011111101000010111001000000100 0011 10011000010000100 0 111111111111111111
10011111101000010111001000000100 0100 10001001000000000 0 111111111111111111
11100101000110100010111010011001 0101 11110111110011011 0 111111111111111111
11100101000110100010111010011001 0110 10011111011111101 0 111111111111111111
11101010001110101101001011110110 0000 11011110100110000 0 111111111111111111
11101010001110101101001011110110 0010 10001011101000100 0 111111111111111111
11101010001110101101001011110110 0011 11010011110111100 0 111111111111111111
11101010001110101101001011110110 0100 11100001000110010 0 111111111111111111
11100101000110100010111010011001 0101 11110111110011011 0 111111111111111111
11100101000110100010111010011001 0110 10011111011111101 0 111111111111111111
00111010110010100101111111000110 0000 11001101010010000 0 111111111111111111
00111010110010100101111111000110 0011 10110111000111100 0 111111111111111111
00111010110010100101111111000110 0100 10001101011000010 0 111111111111111111
11100101000110100010111010011001 0101 11110111110011011 0 111111111111111111
11100101000110100010111010011001 0110 10011111011111101 0 111111111111111111
11010111111001011110011111011001 0000 11011111110111110 0 111111111111111111
11010111111001011110011111011001 0011 11010010000011101 0 111111111111111111
11010111111001011110011111011001 0100 11100011111000001 0 111111111111111111
11100101000110100010111010011001 0101 11110111110011011 0 111111111111111111
11100101000110100010111010011001 0110 10011111011111101 0 111111111111111111
00110100010001110100100110001101 0000 10111110111010100 0 111111111111111111
00110100010001110100100110001101 0011 10000101000011011 0 111111111111111111
00110100010001110100100110001101 0100 10000000000000101 0 111111111111111111
11100101000110100010111010011001 0101 11110111110011011 0 111111111111111111
11100101000110100010111010011001 0110 10011111011111101 0 111111111111111111
11010101100010001101010100101000 0000 11010101010110000 0 111111111111111111
11010101100010001101010100101000 0010 10000000001100000 0 111111111111111111
11010101100010001101010100101000 0011 11000010101000000 0 111111111111111111
11010101100010001101010100101000 0100 11101010100001000 0 111111111111111111
11100101000110100010111010011001 0101 11110111110011011 0 111111111111111111
11100101000110100010111010011001 0110 10011111011111101 0 111111111111111111
10001010011011010001011110010100 0000 11010001000000001 0 111111111111111111
10001010011011010001011110010100 0010 10111001011011001 0 111111111111111111
10001010011011010001011110010100 0011 11101001000000100 0 111111111111111111
10001010011011010001011110010100 0100 10000001000000100 0 111111111111111111
11100101000110100010111010011001 0101 11110111110011011 0 111111111111111111
11100101000110100010111010011001 0110 10011111011111101 0 111111111111111111
10110010111110010101100101000111 0000 10000110001000000 0 111111111111111111
10110010111110010101100101000111 0010 10101100110110010 0 111111111111111111
10110010111110010101100101000111 0011 10011010000001111 0 111111111111111111
10110010111110010101100101000111 0100 10001000001000001 0 111111111111111111
11100101000110100010111010011001 0101 11110111110011011 0 111111111111111111
11100101000110100010111010011001 0110 10011111011111101 0 111111111111111111
11110001000110110110010111110100 0000 10101011100001111 0 111111111111111111
11110001000110110110010111110100 0010 11000101100100111 0 111111111111111111
11110001000110110110010111110100 0011 10111010010111100 0 111111111111111111
11110001000110110110010111110100 0100 10110000100010000 0 111111111111111111
11100101000110100010111010011001 0101 11110111110011011 0 111111111111111111
11100101000110100010111010011001 0110 10011111011111101 0 111111111111111111
10100000111010101011000001101001 0000 10101000101010011 0 111111111111111111
10100000111010101011000001101001 0011 11101111111111010 0 111111111111111111
10100000111010101011000001101001 0100 11010000001101000 0 111111111111111111
11100101000110100010111010011001 0101 11110111110011011 0 111111111111111111
11100101000110100010111010011001 0110 10011111011111101 0 111111111111111111
00010011111100011100110001000100 0000 11110000000110101 0 111111111111111111
00010011111100011100110001000100 0011 10101100000000100 0 111111111111111111
00010011111100011100110001000100 0100 10000000001000000 0 111111111111111111
11100101000110100010111010011001 0101 11110111110011011 0 111111111111111111
11100101000110100010111010011001 0110 10011111011111101 0 111111111111111111
