000100110110110010010001010100000000 01010010010111100111111111111111111
000100110110110010010001010100000010 01000001000011100111111111111111111
000100110110110010010001010100000011 10000000000000000111111111111111111
000100110110110010010001010100000100 00001000101000000111111111111111111
000100110110110010010001010100000101 01001001101111100111111111111111111
000100110110110010010001010100000110 01111110111010011111111111111111111
011110101000000100000110100001110000 01000000100001000111111111111111111
011110101000000100000110100001110010 00111001111111010111111111111111111
011110101000000100000110100001110011 00000000000000111111111111111111111
011110101000000100000110100001110100 00000001010000001111111111111111111
011110101000000100000110100001110101 00111111010000111111111111111111111
011110101000000100000110100001110110 01000011111111111111111111111111111
110100111010001010010111100101100000 00110101100111000111111111111111111
110100111010001010010111100101100010 00011110000001100111111111111111111
110100111010001010010111100101100011 00000000000001100111111111111111111
110100111010001010010111100101100100 01001001110000010111111111111111111
110100111010001010010111100101100101 01101011110110110111111111111111111
110100111010001010010111100101100110 01011111111011111111111111111111111
011111010001010101111011000111100000 01111100000110011111111111111111111
011111010001010101111011000111100010 00000000111110111111111111111111111
011111010001010101111011000111100011 00000000001000110111111111111111111
011111010001010101111011000111100100 00111100100010100111111111111111111
011111010001010101111011000111100101 00111111100011111111111111111111111
011111010001010101111011000111100110 01111101111111110111111111111111111
111100000001001001110000110000010000 00110000011010011111111111111111111
111100000001001001110000110000010010 00111111101010001111111111111111111
111100000001001001110000110000010011 00000000000000010111111111111111111
111100000001001001110000110000010100 00111000000000000111111111111111111
111100000001001001110000110000010101 01111000011010011111111111111111111
111100000001001001110000110000010110 00111111111101101111111111111111111
010010001010111000111001011000010000 01000001000001111111111111111111111
010010001010111000111001011000010010 00000111101001101111111111111111111
010010001010111000111001011000010011 00000000000001110111111111111111111
010010001010111000111001011000010100 00000100000100000111111111111111111
010010001010111000111001011000010101 00111100111101111111111111111111111
010010001010111000111001011000010110 01011111101110001111111111111111111
101101000001010000101101011010100000 01110000101111110111111111111111111
101101000001010000101101011010100010 01000011010101010111111111111111111
101101000001010000101101011010100011 00000000000101000111111111111111111
101101000001010000101101011010100100 00010010000000000111111111111111111
101101000001010000101101011010100101 01011110101111110111111111111111111
101101000001010000101101011010100110 00110111111101011111111111111111111
010111101100111101111001010111100000 01101100000101101111111111111111111
010111101100111101111001010111100010 01110010101110001111111111111111111
010111101100111101111001010111100011 00000000011010010111111111111111111
010111101100111101111001010111100100 00101100001001110111111111111111111
010111101100111101111001010111100101 00111111111011111111111111111111111
010111101100111101111001010111100110 01111100101111110111111111111111111
001110000101110001110001101110010000 01010101000010101111111111111111111
001110000101110001110001101110010010 01100011010100011111111111111111111
001110000101110001110001101110010011 00000000001101100111111111111111111
001110000101110001110001101110010100 00011000000011000111111111111111111
001110000101110001110001101110010101 00111100111111101111111111111111111
001110000101110001110001101110010110 01111011110111011111111111111111111
011011110100000010001111011011010000 01111111010101101111111111111111111
011011110100000010001111011011010010 01101111111010011111111111111111111
011011110100000010001111011011010011 10000000000000000111111111111111111
011011110100000010001111011011010100 00000111101000000111111111111111111
011011110100000010001111011011010101 01110111101101101111111111111111111
011011110100000010001111011011010110 01001111111111111111111111111111111
000000110011001011111110011010110000 00000000110011101111111111111111111
000000110011001011111110011010110010 00000010011000111111111111111111111
000000110011001011111110011010110011 00000000000010110111111111111111111
000000110011001011111110011010110100 00000001000100010111111111111111111
000000110011001011111110011010110101 01111111101111011111111111111111111
000000110011001011111110011010110110 01111111011101111111111111111111111
111100100000101001101111101011010000 00110000110110111111111111111111111
111100100000101001101111101011010010 01000001001011101111111111111111111
111100100000101001101111101011010011 00000000010000010111111111111111111
111100100000101001101111101011010100 00110001000001000111111111111111111
111100100000101001101111101011010101 01111111110101111111111111111111111
111100100000101001101111101011010110 00110111111111101111111111111111111
001000100100010011110010011011000000 00001010010110000111111111111111111
001000100100010011110010011011000010 00010111111011000111111111111111111
001000100100010011110010011011000011 00000000000110000111111111111111111
001000100100010011110010011011000100 00010001001000100111111111111111111
001000100100010011110010011011000101 01111001001101100111111111111111111
001000100100010011110010011011000110 01111111111111111111111111111111111
111110000010111010111110100110010000 01011011011000111111111111111111111
111110000010111010111110100110010010 00011100110010101111111111111111111
111110000010111010111110100110010011 00000000001111110111111111111111111
111110000010111010111110100110010100 01011100000001000111111111111111111
111110000010111010111110100110010101 01111111010111111111111111111111111
111110000010111010111110100110010110 01011111111011001111111111111111111
111010010010101011100001111110100000 01100101100100100111111111111111111
111010010010101011100001111110100010 00000011100110000111111111111111111
111010010010101011100001111110100011 00000000001100100111111111111111111
111010010010101011100001111110100100 01110000100101010111111111111111111
111010010010101011100001111110100101 01110100111111010111111111111111111
111010010010101011100001111110100110 01111011111111111111111111111111111
000111101001101111001100110010000000 01110101101100011111111111111111111
000111101001101111001100110010000010 00101000111010011111111111111111111
000111101001101111001100110010000011 00000000001011000111111111111111111
000111101001101111001100110010000100 00000110010001000111111111111111111
000111101001101111001100110010000101 01101111011011011111111111111111111
000111101001101111001100110010000110 01110110111101100111111111111111111
111000000110110011100100111001100000 01100010101010010111111111111111111
111000000110110011100100111001100010 01111101110000110111111111111111111
111000000110110011100100111001100011 00000000001001000111111111111111111
111000000110110011100100111001100100 01110000001100100111111111111111111
111000000110110011100100111001100101 01110010011101110111111111111111111
111000000110110011100100111001100110 01111111111110111111111111111111111
000000010110001001111101100100110000 00111111011110101111111111111111111
000000010110001001111101100100110010 01000001111001111111111111111111111
000000010110001001111101100100110011 00000000000000110111111111111111111
000000010110001001111101100100110100 00000000100000010111111111111111111
000000010110001001111101100100110101 00111110111110011111111111111111111
000000010110001001111101100100110110 01111111110011111111111111111111111
001011110010110111101011010011000000 00001101001111001111111111111111111
001011110010110111101011010011000010 00100001111100001011111111111111111
001011110010110111101011010011000011 00000000010011100111111111111111111
001011110010110111101011010011000100 00010101100001100111111111111111111
001011110010110111101011010011000101 01110111101101101111111111111111111
001011110010110111101011010011000110 01111101111011110111111111111111111
011111011011111100000111010011100000 01000010100001101111111111111111111
011111011011111100000111010011100010 00111011001110001111111111111111111
011111011011111100000111010011100011 00000000011010010111111111111111111
011111011011111100000111010011100100 00000010100001110111111111111111111
011111011011111100000111010011100101 00111111111111111111111111111111111
011111011011111100000111010011100110 01000011101001110111111111111111111
000110110000001101001111110110010000 00110101011011100111111111111111111
000110110000001101001111110110010010 01100101100101010111111111111111111
000110110000001101001111110110010011 00000000000011011111111111111111111
000110110000001101001111110110010100 00000101100000001111111111111111111
000110110000001101001111110110010101 00101111111011011111111111111111111
000110110000001101001111110110010110 01110111111111101111111111111111111
111000110110001011011111000101010000 01100001001110111111111111111111111
111000110110001011011111000101010010 00000010001001101111111111111111111
111000110110001011011111000101010011 00000000000001010111111111111111111
111000110110001011011111000101010100 01100001100000000111111111111111111
111000110110001011011111000101010101 01111111101110111111111111111111111
111000110110001011011111000101010110 01101111110011101111111111111111111
101000001100111000000011100101110000 01010010001100101111111111111111111
101000001100111000000011100101110010 01001110100110111111111111111111111
101000001100111000000011100101110011 00000000001100010111111111111111111
101000001100111000000011100101110100 00000000010000110111111111111111111
101000001100111000000011100101110101 01010001111011111111111111111111111
101000001100111000000011100101110110 00101111110110111111111111111111111
000100101000111010000111011001010000 01001100111110011111111111111111111
000100101000111010000111011001010010 01000101100101001111111111111111111
000100101000111010000111011001010011 00000000001000110111111111111111111
000100101000111010000111011001010100 00000001000000100111111111111111111
000100101000111010000111011001010101 01001011111101111111111111111111111
000100101000111010000111011001010110 01110111101110101111111111111111111
100001001000100111011000111111100000 00101110110000111111111111111111111
100001001000100111011000111111100010 01010101110001011111111111111111111
100001001000100111011000111111100011 00000000001111110111111111111111111
100001001000100111011000111111100100 01000000010001000111111111111111111
100001001000100111011000111111100101 01101110011111111111111111111111111
100001001000100111011000111111100110 01111101111111110111111111111111111
110111101001101010111100100111010000 01001101100110111111111111111111111
110111101001101010111100100111010010 00010000111111101111111111111111111
110111101001101010111100100111010011 00000000010000010111111111111111111
110111101001101010111100100111010100 01001110010011000111111111111111111
110111101001101010111100100111010101 01111111010011111111111111111111111
110111101001101010111100100111010110 01011110111111101111111111111111111
010010100010110011010010011001100000 00001110010010010111111111111111111
010010100010110011010010011001100010 00111011111000110111111111111111111
010010100010110011010010011001100011 00000000001001000111111111111111111
010010100010110011010010011001100100 00100001000100100111111111111111111
010010100010110011010010011001100101 01101101001101110111111111111111111
010010100010110011010010011001100110 01111011111110111111111111111111111
111110101001000101000101001000110000 00011111110110100111111111111111111
111110101001000101000101001000110010 01011010101101110111111111111111111
111110101001000101000101001000110011 00000000000000011111111111111111111
111110101001000101000101001000110100 00100000000000001111111111111111111
111110101001000101000101001000110101 01111111110110011111111111111111111
111110101001000101000101001000110110 00100010101101111111111111111111111
111110001111100010100111001111000000 01010000000110100111111111111111111
111110001111100010100111001111000010 00101000110111100111111111111111111
111110001111100010100111001111000011 00000000001100000111111111111111111
111110001111100010100111001111000100 01010000000111000111111111111111111
111110001111100010100111001111000101 01111111111111100111111111111111111
111110001111100010100111001111000110 01010011100111111111111111111111111
111010011000001010111000010010100000 01010000111001100111111111111111111
111010011000001010111000010010100010 00011000100111000111111111111111111
111010011000001010111000010010100011 00000000000010100111111111111111111
111010011000001010111000010010100100 01010100000000010111111111111111111
111010011000001010111000010010100101 01111100111001010111111111111111111
111010011000001010111000010010100110 01011111001111111111111111111111111
110101001010100011110111101111000000 01100110001100100111111111111111111
110101001010100011110111101111000010 01101110011101100111111111111111111
110101001010100011110111101111000011 00000000001100000111111111111111111
110101001010100011110111101111000100 01101010010101000111111111111111111
110101001010100011110111101111000101 01111011110111100111111111111111111
110101001010100011110111101111000110 01111111111111111111111111111111111
110111111010110000011101101111100000 01111110101101010111111111111111111
110111111010110000011101101111100010 01100000111101110111111111111111111
110111111010110000011101101111100011 00000000010101000111111111111111111
110111111010110000011101101111100100 00001110110101100111111111111111111
110111111010110000011101101111100101 01101111110111110111111111111111111
110111111010110000011101101111100110 00011110111111111111111111111111111
110111011110111010111111101000100000 01001110110010000111111111111111111
110111011110111010111111101000100010 00001111001001100111111111111111111
110111011110111010111111101000100011 00000000000011100111111111111111111
110111011110111010111111101000100100 01001110110100010111111111111111111
110111011110111010111111101000100101 01111111111101110111111111111111111
110111011110111010111111101000100110 01011111110110011111111111111111111
110101100101010111111001110000010000 01101000000010110111111111111111111
110101100101010111111001110000010010 01101110010010100111111111111111111
110101100101010111111001110000010011 00000000000000101111111111111111111
110101100101010111111001110000010100 01101000001000001111111111111111111
110101100101010111111001110000010101 01111111111010101111111111111111111
110101100101010111111001110000010110 01111100111101011111111111111111111
100011000100010010001011000001110000 00001011101001011111111111111111111
100011000100010010001011000001110010 00000000100111101111111111111111111
100011000100010010001011000001110011 00000000000011100111111111111111111
100011000100010010001011000001110100 01000100000000100111111111111111111
100011000100010010001011000001110101 01000111101000111111111111111111111
100011000100010010001011000001110110 01111101110111111111111111111111111
011100011110010010000000111100010000 01111001011010101111111111111111111
011100011110010010000000111100010010 01111000011110011111111111111111111
011100011110010010000000111100010011 00000000000000100111111111111111111
011100011110010010000000111100010100 00000000011100000111111111111111111
011100011110010010000000111100010101 01111000111110101111111111111111111
011100011110010010000000111100010110 01000111011111011111111111111111111
001101111100101011000110000010010000 01111110111010011111111111111111111
001101111100101011000110000010010010 00111000111000001111111111111111111
001101111100101011000110000010010011 00000000001011010111111111111111111
001101111100101011000110000010010100 00000011000001000111111111111111111
001101111100101011000110000010010101 01111011111001011111111111111111111
001101111100101011000110000010010110 01100111000111101111111111111111111
100101110110111001101011010011010000 00000001010111011111111111111111111
100101110110111001101011010011010010 00010110000100001111111111111111111
100101110110111001101011010011010011 00000000010110110111111111111111111
100101110110111001101011010011010100 00000001101001100111111111111111111
100101110110111001101011010011010101 01111111101101111111111111111111111
100101110110111001101011010011010110 00110101111011101111111111111111111
011100010001001111111010001010000000 00110101100111011111111111111111111
011100010001001111111010001010000010 00111011011101011111111111111111111
011100010001001111111010001010000011 00000000000011000111111111111111111
011100010001001111111010001010000100 00111000000000000111111111111111111
011100010001001111111010001010000101 01111101100111011111111111111111111
011100010001001111111010001010000110 01111111011101100111111111111111111
001011101001100011100110100110010000 00001010100110001111111111111111111
001011101001100011100110100110010010 00100011111111111111111111111111111
001011101001100011100110100110010011 00000000001001000111111111111111111
001011101001100011100110100110010100 00010011010011000111111111111111111
001011101001100011100110100110010101 01110111010011001111111111111111111
001011101001100011100110100110010110 01111011111111111111111111111111111
011111111011101001101100101100110000 01110110001101101111111111111111111
011111111011101001101100101100110010 00001001100000111111111111111111111
011111111011101001101100101100110011 00000000000011110111111111111111111
011111111011101001101100101100110100 00110110010110010111111111111111111
011111111011101001101100101100110101 00111111110111011111111111111111111
011111111011101001101100101100110110 01110110011110111111111111111111111
000101010100101010000001111110000000 01001011101000010111111111111111111
000101010100101010000001111110000010 01001001101010010111111111111111111
000101010100101010000001111110000011 00000000001010000111111111111111111
000101010100101010000001111110000100 00000000101001000111111111111111111
000101010100101010000001111110000101 01001010111111010111111111111111111
000101010100101010000001111110000110 01110101111111101111111111111111111
100001001101101010001001111110010000 00000111011010011111111111111111111
100001001101101010001001111110010010 01111101011100001111111111111111111
100001001101101010001001111110010011 00000000001011010111111111111111111
100001001101101010001001111110010100 01000000011011000111111111111111111
100001001101101010001001111110010101 01000110111111011111111111111111111
100001001101101010001001111110010110 01111101111111101111111111111111111
001110110110101110110110001101010000 01111000110100000111111111111111111
001110110110101110110110001101010010 01000010100110110111111111111111111
001110110110101110110110001101010011 00000000000110111111111111111111111
001110110110101110110110001101010100 00011001000100001111111111111111111
001110110110101110110110001101010101 01011111101111111111111111111111111
001110110110101110110110001101010110 01111011010110101111111111111111111
101100110001111011010011111111000000 01000011100011010111111111111111111
101100110001111011010011111111000010 01101111100100010111111111111111111
101100110001111011010011111111000011 00000000010101000111111111111111111
101100110001111011010011111111000100 01001001100011100111111111111111111
101100110001111011010011111111000101 01111001111111110111111111111111111
101100110001111011010011111111000110 01101111111111101111111111111111111
011001100110011110101001011011110000 00000111111010110111111111111111111
011001100110011110101001011011110010 01011110011111000111111111111111111
011001100110011110101001011011110011 00000000001101001111111111111111111
011001100110011110101001011011110100 00010000001100111111111111111111111
011001100110011110101001011011110101 01110111101101111111111111111111111
011001100110011110101001011011110110 01011100111111111111111111111111111
001100011001100101010011110111110000 01000010101111000111111111111111111
001100011001100101010011110111110010 01101110110111010111111111111111111
001100011001100101010011110111110011 00000000010000111111111111111111111
001100011001100101010011110111110100 00001000110011001111111111111111111
001100011001100101010011110111110101 00111001111011111111111111111111111
001100011001100101010011110111110110 01101111111111111111111111111111111
110000110100000010110110100101110000 00111100111010111111111111111111111
110000110100000010110110100101110010 00000110010101001111111111111111111
110000110100000010110110100101110011 10000000000000000111111111111111111
110000110100000010110110100101110100 01000001000000000111111111111111111
110000110100000010110110100101110101 01111011111010111111111111111111111
110000110100000010110110100101110110 01011111010111111111111111111111111
010000000100000100000010111101010000 00100001100110110111111111111111111
010000000100000100000010111101010010 00011110101001100111111111111111111
010000000100000100000010111101010011 00000000000000101111111111111111111
010000000100000100000010111101010100 00000000001000001111111111111111111
010000000100000100000010111101010101 00100001011110101111111111111111111
010000000100000100000010111101010110 01011111111111111111111111111111111
001110011000000011010011000010000000 00000110010001000111111111111111111
001110011000000011010011000010000010 00110011001111000111111111111111111
001110011000000011010011000010000011 10000000000000000111111111111111111
001110011000000011010011000010000100 00001000100000000111111111111111111
001110011000000011010011000010000101 01111101110001000111111111111111111
001110011000000011010011000010000110 01101011101111111111111111111111111
110101000000110100010001000100000000 01110010100011101111111111111111111
110101000000110100010001000100000010 01100001011111101111111111111111111
110101000000110100010001000100000011 10000000000000000111111111111111111
110101000000110100010001000100000100 00001000000000000111111111111111111
110101000000110100010001000100000101 01101010100011101111111111111111111
110101000000110100010001000100000110 00011101111110010111111111111111111
110111100011001000110011111000110000 00001001000010101111111111111111111
110111100011001000110011111000110010 01010101001001111111111111111111111
110111100011001000110011111000110011 00000000000000110111111111111111111
110111100011001000110011111000110100 00001001000100010111111111111111111
110111100011001000110011111000110101 01111111111110011111111111111111111
110111100011001000110011111000110110 00011001111101111111111111111111111
110001101111010101000100000100010000 00000101100000110111111111111111111
110001101111010101000100000100010010 01000001011100100111111111111111111
110001101111010101000100000100010011 00000000000000101111111111111111111
110001101111010101000100000100010100 00100010000010001111111111111111111
110001101111010101000100000100010101 01100011011110101111111111111111111
110001101111010101000100000100010110 00111110100011011111111111111111111
001111111000100101111010111001110000 01011101001110000111111111111111111
001111111000100101111010111001110010 01100010010100010111111111111111111
001111111000100101111010111001110011 00000000000111111111111111111111111
001111111000100101111010111001110100 00011101010000001111111111111111111
001111111000100101111010111001110101 00111111111101111111111111111111111
001111111000100101111010111001110110 01111101011110111111111111111111111
111110001011011000010000010001100000 00000100011111100111111111111111111
111110001011011000010000010001100010 01110100001110000111111111111111111
111110001011011000010000010001100011 00000000000100100111111111111111111
111110001011011000010000010001100100 00001000000000110111111111111111111
111110001011011000010000010001100101 01111100011110110111111111111111111
111110001011011000010000010001100110 00001011101001111111111111111111111
100111011001100111011100001100010000 00111100111001010111111111111111111
100111011001100111011100001100010010 01100000101101000111111111111111111
100111011001100111011100001100010011 00000000000001001111111111111111111
100111011001100111011100001100010100 01001110000010001111111111111111111
100111011001100111011100001100010101 01101110110111001111111111111111111
100111011001100111011100001100010110 01111111001110111111111111111111111
101001100010110101011000010101000000 01111111010000001111111111111111111
101001100010110101011000010101000010 00100110111011001111111111111111111
101001100010110101011000010101000011 00000000000110100111111111111111111
101001100010110101011000010101000100 00000000000000100111111111111111111
101001100010110101011000010101000101 01111111001111101111111111111111111
101001100010110101011000010101000110 00101100111010110111111111111111111
001100101011111101001010001000110000 00111110011100010111111111111111111
001100101011111101001010001000110010 01110100010011100111111111111111111
001100101011111101001010001000110011 00000000000101101111111111111111111
001100101011111101001010001000110100 00000001000100011111111111111111111
001100101011111101001010001000110101 00111101010111111111111111111111111
001100101011111101001010001000110110 01100111101100011111111111111111111
110011001010001110000100101010000000 00101000101001011111111111111111111
110011001010001110000100101010000010 00100011111111011111111111111111111
110011001010001110000100101010000011 00000000000011000111111111111111111
110011001010001110000100101010000100 01000010010100000111111111111111111
110011001010001110000100101010000101 01100110010101011111111111111111111
110011001010001110000100101010000110 01011011111111100111111111111111111
010010101100011001101101011000110000 01011100000101001111111111111111111
010010101100011001101101011000110010 01101110101100011111111111111111111
010010101100011001101101011000110011 00000000000010010111111111111111111
010010101100011001101101011000110100 00100100001000010111111111111111111
010010101100011001101101011000110101 00110111111100111111111111111111111
010010101100011001101101011000110110 01111110101111011111111111111111111
110001000001100111001100111011010000 01001000100000110111111111111111111
110001000001100111001100111011010010 01111011100101100111111111111111111
110001000001100111001100111011010011 00000000001110101111111111111111111
110001000001100111001100111011010100 01100010000001001111111111111111111
110001000001100111001100111011010101 01100110011111101111111111111111111
110001000001100111001100111011010110 01111111111101111111111111111111111
100111001111000110010100111101000000 00011000111100101111111111111111111
100111001111000110010100111101000010 00000011111111101111111111111111111
100111001111000110010100111101000011 00000000000000100111111111111111111
100111001111000110010100111101000100 01001010011110000111111111111111111
100111001111000110010100111101000101 01001110011110101111111111111111111
100111001111000110010100111101000110 01111011111111110111111111111111111
011100011111010101111111111001100000 01111000111011011111111111111111111
011100011111010101111111111001100010 01111001000001111111111111111111111
011100011111010101111111111001100011 00000000000011110111111111111111111
011100011111010101111111111001100100 00111000111100100111111111111111111
011100011111010101111111111001100101 00111111111110111111111111111111111
011100011111010101111111111001100110 01111111111101110111111111111111111
011010001001001000011010011111110000 01000001100010001111111111111111111
011010001001001000011010011111110010 00100111000010011111111111111111111
011010001001001000011010011111110011 00000000000011110111111111111111111
011010001001001000011010011111110100 00000100000010010111111111111111111
011010001001001000011010011111110101 00111101011111111111111111111111111
011010001001001000011010011111110110 01001111101111111111111111111111111
000000011100101010101000001011110000 01010100111111001111111111111111111
000000011100101010101000001011110010 00101100110011011111111111111111111
000000011100101010101000001011110011 00000000010010110111111111111111111
000000011100101010101000001011110100 00000000000001010111111111111111111
000000011100101010101000001011110101 01010100111101111111111111111111111
000000011100101010101000001011110110 01111111000111111111111111111111111
100010111111101001111011001000000000 00000011100011010111111111111111111
100010111111101001111011001000000010 00001000011011010111111111111111111
100010111111101001111011001000000011 10000000000000000111111111111111111
100010111111101001111011001000000100 00000101100100000111111111111111111
100010111111101001111011001000000101 01111101111111010111111111111111111
100010111111101001111011001000000110 00111111100100101111111111111111111
010010011010011010111000111000100000 00000001010001000111111111111111111
010010011010011010111000111000100010 01001000011000100111111111111111111
010010011010011010111000111000100011 00000000000001100111111111111111111
010010011010011010111000111000100100 00000100010100010111111111111111111
010010011010011010111000111000100101 01111100111100110111111111111111111
010010011010011010111000111000100110 01011111011111011111111111111111111
111111111111100011001000011001110000 01100100001011111111111111111111111
111111111111100011001000011001110010 00011011110010001111111111111111111
111111111111100011001000011001110011 00000000000111000111111111111111111
111111111111100011001000011001110100 01100100001100000111111111111111111
111111111111100011001000011001110101 01111111111111111111111111111111111
111111111111100011001000011001110110 01100100001100111111111111111111111
000111100111000000111010110011010000 00101100100111101111111111111111111
000111100111000000111010110011010010 01110001110100011111111111111111111
000111100111000000111010110011010011 10000000000000000111111111111111111
000111100111000000111010110011010100 00001101001000000111111111111111111
000111100111000000111010110011010101 00011111011111101111111111111111111
000111100111000000111010110011010110 01111101111001111111111111111111111
001111011011010100111111000010010000 00111110010111110111111111111111111
001111011011010100111111000010010010 01111111010101100111111111111111111
001111011011010100111111000010010011 00000000000101101111111111111111111
001111011011010100111111000010010100 00011110100000001111111111111111111
001111011011010100111111000010010101 00011111110111101111111111111111111
001111011011010100111111000010010110 01111111101001011111111111111111111
100111000010010100111111110011000000 01101101111110001111111111111111111
100111000010010100111111110011000010 00101110001011001111111111111111111
100111000010010100111111110011000011 00000000000111100111111111111111111
100111000010010100111111110011000100 00001110000000100111111111111111111
100111000010010100111111110011000101 01011111111101101111111111111111111
100111000010010100111111110011000110 00111111111011110111111111111111111
101001001001001001010000100101100000 01111010100101000111111111111111111
101001001001001001010000100101100010 00101001111111100111111111111111111
101001001001001001010000100101100011 00000000000001100111111111111111111
101001001001001001010000100101100100 00000000010010010111111111111111111
101001001001001001010000100101100101 01111010010010110111111111111111111
101001001001001001010000100101100110 00101101111111111111111111111111111
001101000010011011000100100101000000 01111100010111010111111111111111111
001101000010011011000100100101000010 00110111110010010111111111111111111
001101000010011011000100100101000011 00000000000011000111111111111111111
001101000010011011000100100101000100 00000010000000100111111111111111111
001101000010011011000100100101000101 01111010010110110111111111111111111
001101000010011011000100100101000110 01100111111011101111111111111111111
010101011101100000010111110001000000 00110110110011100111111111111111111
010101011101100000010111110001000010 00011111000010100111111111111111111
010101011101100000010111110001000011 00000000000100000111111111111111111
010101011101100000010111110001000100 00001010111000000111111111111111111
010101011101100000010111110001000101 00101011111011100111111111111111111
010101011101100000010111110001000110 01011111111100111111111111111111111
010111001001001110001011001000100000 01110011110110101111111111111111111
010111001001001110001011001000100010 01101000101110001111111111111111111
010111001001001110001011001000100011 00000000000000110111111111111111111
010111001001001110001011001000100100 00000100000000010111111111111111111
010111001001001110001011001000100101 01101111110110011111111111111111111
010111001001001110001011001000100110 01010101101101110111111111111111111
100001100101110011110001110010000000 00111100000100100111111111111111111
100001100101110011110001110010000010 01001010010010100111111111111111111
100001100101110011110001110010000011 00000000001100000111111111111111111
100001100101110011110001110010000100 01000000001001000111111111111111111
100001100101110011110001110010000101 01111011111011100111111111111111111
100001100101110011110001110010000110 01111100111101011111111111111111111
110010101111101011100101001001010000 01011000000011111111111111111111111
110010101111101011100101001001010010 01110010111010101111111111111111111
110010101111101011100101001001010011 00000000000110010111111111111111111
110010101111101011100101001001010100 01100000000100000111111111111111111
110010101111101011100101001001010101 01110111111111111111111111111111111
110010101111101011100101001001010110 01111010100100101111111111111111111
111011000000000111000100001111100000 01011000000111111111111111111111111
111011000000000111000100001111100010 00010011111000011111111111111111111
111011000000000111000100001111100011 00000000000001110111111111111111111
111011000000000111000100001111100100 01100010000000000111111111111111111
111011000000000111000100001111100101 01110110000111111111111111111111111
111011000000000111000100001111100110 01101011111111110111111111111111111
110100010111001100000001010110000000 01101001011001011111111111111111111
110100010111001100000001010110000010 01101000000011011111111111111111111
110100010111001100000001010110000011 00000000000011000111111111111111111
110100010111001100000001010110000100 00000000101010000111111111111111111
110100010111001100000001010110000101 01101000101111011111111111111111111
110100010111001100000001010110000110 00010111111011100111111111111111111
111110111000100001101101010111100000 00110100011100110111111111111111111
111110111000100001101101010111100010 01000111000101010111111111111111111
111110111000100001101101010111100011 00000000001110000111111111111111111
111110111000100001101101010111100100 00110100100001000111111111111111111
111110111000100001101101010111100101 01111111111011110111111111111111111
111110111000100001101101010111100110 00110110101111111111111111111111111
000100010001000001111111001101100000 01001000001000110111111111111111111
000100010001000001111111001101100010 01001000111011010111111111111111111
000100010001000001111111001101100011 10000000000000000111111111111111111
000100010001000001111111001101100100 00001000100010000111111111111111111
000100010001000001111111001101100101 00111111100110110111111111111111111
000100010001000001111111001101100110 01111111111111111111111111111111111
001001001110110001101000000110010000 01000110100000101111111111111111111
001001001110110001101000000110010010 01011110011010011111111111111111111
001001001110110001101000000110010011 00000000001101100111111111111111111
001001001110110001101000000110010100 00010000000001000111111111111111111
001001001110110001101000000110010101 00110110011111101111111111111111111
001001001110110001101000000110010110 01111101100011011111111111111111111
101011100001111011010100011010010000 01000001010000111111111111111111111
101011100001111011010100011010010010 01101100110110101111111111111111111
101011100001111011010100011010010011 00000000001111110111111111111111111
101011100001111011010100011010010100 01000010000001000111111111111111111
101011100001111011010100011010010101 01111111001111111111111111111111111
101011100001111011010100011010010110 01101010111101001111111111111111111
010011101001010111011110101111010000 00010110101010010111111111111111111
010011101001010111011110101111010010 00110111111011000111111111111111111
010011101001010111011110101111010011 00000000001000001111111111111111111
010011101001010111011110101111010100 00100111010010101111111111111111111
010011101001010111011110101111010101 01101111010111101111111111111111111
010011101001010111011110101111010110 01111111111111111111111111111111111
010010010101100100110011011010100000 00111110011000011111111111111111111
010010010101100100110011011010100010 00001010111101111111111111111111111
010010010101100100110011011010100011 00000000001011010111111111111111111
010010010101100100110011011010100100 00000000101001000111111111111111111
010010010101100100110011011010100101 00111101101111011111111111111111111
010010010101100100110011011010100110 01011011111101110111111111111111111
010110011001110001110011011110100000 01100110100010110111111111111111111
010110011001110001110011011110100010 01110011000100010111111111111111111
010110011001110001110011011110100011 00000000001111000111111111111111111
010110011001110001110011011110100100 00101000100011000111111111111111111
010110011001110001110011011110100101 00111101111111110111111111111111111
010110011001110001110011011110100110 01111011101111011111111111111111111
110101100010011011110100111101010000 01100101100011011111111111111111111
110101100010011011110100111101010010 01110000100110001111111111111111111
110101100010011011110100111101010011 00000000000011110111111111111111111
110101100010011011110100111101010100 01101010000100100111111111111111111
110101100010011011110100111101010101 01111011011110111111111111111111111
110101100010011011110100111101010110 01111110111111101111111111111111111
010011100001110101001110111011110000 01001110100001100111111111111111111
010011100001110101001110111011110010 01111111100101110111111111111111111
010011100001110101001110111011110011 00000000011000011111111111111111111
010011100001110101001110111011110100 00100111000001101111111111111111111
010011100001110101001110111011110101 00100111011111111111111111111111111
010011100001110101001110111011110110 01111111111101111111111111111111111
000010000000111000000011110100110000 00000101111100001111111111111111111
000010000000111000000011110100110010 00000010000111011111111111111111111
000010000000111000000011110100110011 00000000000101010111111111111111111
000010000000111000000011110100110100 00000000000000010111111111111111111
000010000000111000000011110100110101 00000101111011111111111111111111111
000010000000111000000011110100110110 01111011111110011111111111111111111
001010001101101001110000001110100000 01001100100010100111111111111111111
001010001101101001110000001110100010 01011100010100000111111111111111111
001010001101101001110000001110100011 00000000001100100111111111111111111
001010001101101001110000001110100100 00010000000011010111111111111111111
001010001101101001110000001110100101 00111100011111010111111111111111111
001010001101101001110000001110100110 01111011100111111111111111111111111
001000000010111100010101110101000000 00011011000000011111111111111111111
001000000010111100010101110101000010 00000101001011011111111111111111111
001000000010111100010101110101000011 00000000000111100111111111111111111
001000000010111100010101110101000100 00000000000000100111111111111111111
001000000010111100010101110101000101 00011010111111111111111111111111111
001000000010111100010101110101000110 01101111111010100111111111111111111
010000011111010001001010111111000000 01000110011110000111111111111111111
010000011111010001001010111111000010 01111011011111000111111111111111111
010000011111010001001010111111000011 00000000000110000111111111111111111
010000011111010001001010111111000100 00100000011110100111111111111111111
010000011111010001001010111111000101 00100101111111100111111111111111111
010000011111010001001010111111000110 01111111011111111111111111111111111
011111001100011100100110110100010000 01010001110011000111111111111111111
011111001100011100100110110100010010 00101010111110110111111111111111111
011111001100011100100110110100010011 00000000000000111111111111111111111
011111001100011100100110110100010100 00010010011000001111111111111111111
011111001100011100100110110100010101 00111111011010111111111111111111111
011111001100011100100110110100010110 01010011111111001111111111111111111
100001101001101001000100000001000000 01100101010011110111111111111111111
100001101001101001000100000001000010 00100001010010110111111111111111111
100001101001101001000100000001000011 00000000000101000111111111111111111
100001101001101001000100000001000100 00000010000000000111111111111111111
100001101001101001000100000001000101 01100011010011110111111111111111111
100001101001101001000100000001000110 00111110101100101111111111111111111
111001101110100010000011101010100000 00110101010010010111111111111111111
111001101110100010000011101010100010 00110001100111110111111111111111111
111001101110100010000011101010100011 00000000001010000111111111111111111
111001101110100010000011101010100100 01000001010101000111111111111111111
111001101110100010000011101010100101 01110011111101010111111111111111111
111001101110100010000011101010100110 01001101110111111111111111111111111
100010010010001001110010010110000000 01111101101111010111111111111111111
100010010010001001110010010110000010 00001011011001010111111111111111111
100010010010001001110010010110000011 00000000000010000111111111111111111
100010010010001001110010010110000100 10000000000000000111111111111111111
100010010010001001110010010110000101 01111101101111010111111111111111111
100010010010001001110010010110000110 00111011011011101111111111111111111
011110110001001100011011100111000000 01001011010101111111111111111111111
011110110001001100011011100111000010 00101111101110111111111111111111111
011110110001001100011011100111000011 00000000000100100111111111111111111
011110110001001100011011100111000100 00001101100010000111111111111111111
011110110001001100011011100111000101 00111101110011111111111111111111111
011110110001001100011011100111000110 01001111111111100111111111111111111
111000010000000101111010110001010000 00101101111000110111111111111111111
111000010000000101111010110001010010 00110011000111100111111111111111111
111000010000000101111010110001010011 00000000000000101111111111111111111
111000010000000101111010110001010100 00110000000000001111111111111111111
111000010000000101111010110001010101 01111101111000101111111111111111111
111000010000000101111010110001010110 00111111011111111111111111111111111
010101100010010101100000001101000000 01011011001011001111111111111111111
010101100010010101100000001101000010 01111010111110001111111111111111111
010101100010010101100000001101000011 00000000000010100111111111111111111
010101100010010101100000001101000100 00100000000100100111111111111111111
010101100010010101100000001101000101 00111011000110101111111111111111111
010101100010010101100000001101000110 01110100111111110111111111111111111
000011111100110000110001111001100000 00100000110110010111111111111111111
000011111100110000110001111001100010 01101110111100110111111111111111111
000011111100110000110001111001100011 00000000001001000111111111111111111
000011111100110000110001111001100100 00000000111000100111111111111111111
000011111100110000110001111001100101 00011111111101110111111111111111111
000011111100110000110001111001100110 01111000111110111111111111111111111
010010011010101000111000101111010000 01000001001100111111111111111111111
010010011010101000111000101111010010 00001000011101101111111111111111111
010010011010101000111000101111010011 00000000010000010111111111111111111
010010011010101000111000101111010100 00000100010101000111111111111111111
010010011010101000111000101111010101 00111100110111111111111111111111111
010010011010101000111000101111010110 01011111011111101111111111111111111
000110011000010110101110110100110000 01100100001011000111111111111111111
000110011000010110101110110100110010 00110101010110010111111111111111111
000110011000010110101110110100110011 00000000000001111111111111111111111
000110011000010110101110110100110100 00000100010000001111111111111111111
000110011000010110101110110100110101 01011111111010111111111111111111111
000110011000010110101110110100110110 01110111011111011111111111111111111
000010010000111001011100110011000000 00110010111011010111111111111111111
000010010000111001011100110011000010 01010110001000010111111111111111111
000010010000111001011100110011000011 00000000010101000111111111111111111
000010010000111001011100110011000100 00000100000001100111111111111111111
000010010000111001011100110011000101 00101110111001110111111111111111111
000010010000111001011100110011000110 01111111011111101111111111111111111
000111100000011110110001101100000000 01100111110110111111111111111111111
000111100000011110110001101100000010 00110110001010111111111111111111111
000111100000011110110001101100000011 10000000000000000111111111111111111
000111100000011110110001101100000100 00001000000000000111111111111111111
000111100000011110110001101100000101 01011111110110111111111111111111111
000111100000011110110001101100000110 01111000111111000111111111111111111
111010111010101010000010010101100000 00110111000000000111111111111111111
111010111010101010000010010101100010 00110100101010100111111111111111111
111010111010101010000010010101100011 00000000000111100111111111111111111
111010111010101010000010010101100100 01000001000000010111111111111111111
111010111010101010000010010101100101 01110101111111110111111111111111111
111010111010101010000010010101100110 01001011001010111111111111111111111
000100000110110111011011111100010000 01110110001011110111111111111111111
000100000110110111011011111100010010 00011010001111100111111111111111111
000100000110110111011011111100010011 00000000000001101111111111111111111
000100000110110111011011111100010100 00001000001100001111111111111111111
000100000110110111011011111100010101 01101101111111101111111111111111111
000100000110110111011011111100010110 01111111111110011111111111111111111
010100000111100000001101101010010000 00101111000100001111111111111111111
010100000111100000001101101010010010 00100001011001111111111111111111111
010100000111100000001101101010010011 00000000001001000111111111111111111
010100000111100000001101101010010100 00000000000101000111111111111111111
010100000111100000001101101010010101 00101110111111001111111111111111111
010100000111100000001101101010010110 01010111110101111111111111111111111
001110011000001100001000011011100000 00100000111110001111111111111111111
001110011000001100001000011011100010 00011000100010101111111111111111111
001110011000001100001000011011100011 00000000000101010111111111111111111
001110011000001100001000011011100100 00000100000000010111111111111111111
001110011000001100001000011011100101 00011100111101111111111111111111111
001110011000001100001000011011100110 01100111001111110111111111111111111
100100001010001101001010001100100000 01101101011010101111111111111111111
100100001010001101001010001100100010 00100011001110001111111111111111111
100100001010001101001010001100100011 00000000000000110111111111111111111
100100001010001101001010001100100100 00000000000100010111111111111111111
100100001010001101001010001100100101 01101101010110011111111111111111111
100100001010001101001010001100100110 00110111101111110111111111111111111
110101100111111111110001100110000000 01100100000010111111111111111111111
110101100111111111110001100110000010 01110010011100111111111111111111111
110101100111111111110001100110000011 00000000001111000111111111111111111
110101100111111111110001100110000100 01101000000011000111111111111111111
110101100111111111110001100110000101 01111011111111111111111111111111111
110101100111111111110001100110000110 01111100110011000111111111111111111
100000111010100110001010011110000000 00000111000100001111111111111111111
100000111010100110001010011110000010 01111100100110001111111111111111111
100000111010100110001010011110000011 00000000001001000111111111111111111
100000111010100110001010011110000100 01000001000101000111111111111111111
100000111010100110001010011110000101 01000101111111001111111111111111111
100000111010100110001010011110000110 01111111001111110111111111111111111
000000101101000100010001110110100000 00001010010101011111111111111111111
000000101101000100010001110110100010 01111000011110111111111111111111111
000000101101000100010001110110100011 00000000000001010111111111111111111
000000101101000100010001110110100100 00000000011010000111111111111111111
000000101101000100010001110110100101 00001001111011011111111111111111111
000000101101000100010001110110100110 01111110111111110111111111111111111
111110100010111010011110000000100000 01001100000110000111111111111111111
111110100010111010011110000000100010 00101110000101100111111111111111111
111110100010111010011110000000100011 00000000000011100111111111111111111
111110100010111010011110000000100100 01001101000000010111111111111111111
111110100010111010011110000000100101 01111111000101110111111111111111111
111110100010111010011110000000100110 01001111111010011111111111111111111
100111111111101101110001110101110000 00001000111010010111111111111111111
100111111111101101110001110101110010 00010111000100100111111111111111111
100111111111101101110001110101110011 00000000001001101111111111111111111
100111111111101101110001110101110100 00001000111010011111111111111111111
100111111111101101110001110101110101 01111111111111111111111111111111111
100111111111101101110001110101110110 00111000111010111111111111111111111
100001100010001001000000110110010000 01100011011111011111111111111111111
100001100010001001000000110110010010 00100010101001001111111111111111111
100001100010001001000000110110010011 00000000000010010111111111111111111
100001100010001001000000110110010100 10000000000000000111111111111111111
100001100010001001000000110110010101 01100011011111011111111111111111111
100001100010001001000000110110010110 00111100111011101111111111111111111
100101011100111011110110100001000000 01000110001010010111111111111111111
100101011100111011110110100001000010 01001111101001010111111111111111111
100101011100111011110110100001000011 00000000000111000111111111111111111
100101011100111011110110100001000100 01001010010000100111111111111111111
100101011100111011110110100001000101 01111011111001110111111111111111111
100101011100111011110110100001000110 01111111010110101111111111111111111
110001110001010001110101000001110000 00011110000011011111111111111111111
110001110001010001110101000001110010 00101001000001101111111111111111111
110001110001010001110101000001110011 00000000000011100111111111111111111
110001110001010001110101000001110100 00100010100000100111111111111111111
110001110001010001110101000001110101 01111011100010111111111111111111111
110001110001010001110101000001110110 00111110111101111111111111111111111
111010011001100010000111110000010000 00111000101011001111111111111111111
111010011001100010000111110000010010 00110000111010111111111111111111111
111010011001100010000111110000010011 00000000000001000111111111111111111
111010011001100010000111110000010100 01000000110000000111111111111111111
111010011001100010000111110000010101 01110111111011001111111111111111111
111010011001100010000111110000010110 01001011111100111111111111111111111
111111100100110100000110011010100000 00000010010110111111111111111111111
111111100100110100000110011010100010 01111011111100011111111111111111111
111111100100110100000110011010100011 00000000010000010111111111111111111
111111100100110100000110011010100100 00000011001001000111111111111111111
111111100100110100000110011010100101 01111111001101111111111111111111111
111111100100110100000110011010100110 00000011111111010111111111111111111
101110100010101000010101101100000000 01100111111011010111111111111111111
101110100010101000010101101100000010 01010010001111010111111111111111111
101110100010101000010101101100000011 10000000000000000111111111111111111
101110100010101000010101101100000100 00001000000100000111111111111111111
101110100010101000010101101100000101 01011111110111010111111111111111111
101110100010101000010101101100000110 00101010111110101111111111111111111
101111011100110100111010000101000000 01111011111100001111111111111111111
101111011100110100111010000101000010 01000001110111001111111111111111111
101111011100110100111010000101000011 00000000000110100111111111111111111
101111011100110100111010000101000100 00011100000000100111111111111111111
101111011100110100111010000101000101 01011111111011101111111111111111111
101111011100110100111010000101000110 00111101000110110111111111111111111
100110100011110011010110010000110000 00111000001111111111111111111111111
100110100011110011010110010000110010 01100001111111001111111111111111111
100110100011110011010110010000110011 00000000000100100111111111111111111
100110100011110011010110010000110100 01001001000000000111111111111111111
100110100011110011010110010000110101 01101111001111111111111111111111111
100110100011110011010110010000110110 01111011111000011111111111111111111
010110010100101001011111011001000000 01011100010101110111111111111111111
010110010100101001011111011001000010 01111100111100110111111111111111111
010110010100101001011111011001000011 00000000000101000111111111111111111
010110010100101001011111011001000100 00101100101000000111111111111111111
010110010100101001011111011001000101 00101111101101110111111111111111111
010110010100101001011111011001000110 01111111111110101111111111111111111
110110111010101010101101001000010000 01000100011001011111111111111111111
110110111010101010101101001000010010 00010111010001001111111111111111111
110110111010101010101101001000010011 00000000000001010111111111111111111
110110111010101010101101001000010100 01000100100100000111111111111111111
110110111010101010101101001000010101 01111111110101011111111111111111111
110110111010101010101101001000010110 01010110101110101111111111111111111
111001011010101000010100000111100000 01111100111001000111111111111111111
111001011010101000010100000111100010 01101000110001100111111111111111111
111001011010101000010100000111100011 00000000010001100111111111111111111
111001011010101000010100000111100100 00000010000001010111111111111111111
111001011010101000010100000111100101 01111010110111110111111111111111111
111001011010101000010100000111100110 00001111001011111111111111111111111
111110101100001101101101101001100000 00110100001101001111111111111111111
111110101100001101101101101001100010 01000110100011101111111111111111111
111110101100001101101101101001100011 00000000000010010111111111111111111
111110101100001101101101101001100100 00110100010000010111111111111111111
111110101100001101101101101001100101 01111111111100111111111111111111111
111110101100001101101101101001100110 00110110110111110111111111111111111
100011010101100001001011000010000000 01101100001100000111111111111111111
100011010101100001001011000010000010 00100001001010000111111111111111111
100011010101100001001011000010000011 00000000001000000111111111111111111
100011010101100001001011000010000100 00000100100001000111111111111111111
100011010101100001001011000010000101 01100111101011000111111111111111111
100011010101100001001011000010000110 00111101110101111111111111111111111
000110100110000011111011011011010000 00001010111001101111111111111111111
000110100110000011111011011011010010 00001111011110011111111111111111111
000110100110000011111011011011010011 10000000000000000111111111111111111
000110100110000011111011011011010100 00001101001100000111111111111111111
000110100110000011111011011011010101 01111101101101101111111111111111111
000110100110000011111011011011010110 01111111111111111111111111111111111
000010000000111001110001001100100000 00111100101000000111111111111111111
000010000000111001110001001100100010 01001011011011100111111111111111111
000010000000111001110001001100100011 00000000000011100111111111111111111
000010000000111001110001001100100100 00000000000000010111111111111111111
000010000000111001110001001100100101 00111100100111110111111111111111111
000010000000111001110001001100100110 01111011111110011111111111111111111
011100101001101001100001001110000000 01101001111010010111111111111111111
011100101001101001100001001110000010 00001000101100010111111111111111111
011100101001101001100001001110000011 00000000001010000111111111111111111
011100101001101001100001001110000100 00110000000011000111111111111111111
011100101001101001100001001110000101 00111001110111010111111111111111111
011100101001101001100001001110000110 01110110101111101111111111111111111
110100101010010111011000000001110000 01010101010101100111111111111111111
110100101010010111011000000001110010 01111101010011110111111111111111111
110100101010010111011000000001110011 00000000000100011111111111111111111
110100101010010111011000000001110100 01101000000000101111111111111111111
110100101010010111011000000001110101 01101101010100111111111111111111111
110100101010010111011000000001110110 01111110101011111111111111111111111
000100001100110100110100001111010000 00100010100001010111111111111111111
000100001100110100110100001111010010 01101110010010000111111111111111111
000100001100110100110100001111010011 00000000010101001111111111111111111
000100001100110100110100001111010100 00001000000001101111111111111111111
000100001100110100110100001111010101 00011010011111101111111111111111111
000100001100110100110100001111010110 01111111100111111111111111111111111
111101110001100111011111100011100000 01101011010100111111111111111111111
111101110001100111011111100011100010 00001011110001011111111111111111111
111101110001100111011111100011100011 00000000001111110111111111111111111
111101110001100111011111100011100100 01101011100001000111111111111111111
111101110001100111011111100011100101 01111111110011111111111111111111111
111101110001100111011111100011100110 01101111111101110111111111111111111
101011111000010101000110111101110000 01111011001111100111111111111111111
101011111000010101000110111101110010 00110100010001110111111111111111111
101011111000010101000110111101110011 00000000000100011111111111111111111
101011111000010101000110111101110100 00000011010000101111111111111111111
101011111000010101000110111101110101 01110111111110111111111111111111111
101011111000010101000110111101110110 00101011011111111111111111111111111
011001111000101011111000000101010000 00101111110011111111111111111111111
011001111000101011111000000101010010 00110111101110101111111111111111111
011001111000101011111000000101010011 00000000000110010111111111111111111
011001111000101011111000000101010100 00110000000000000111111111111111111
011001111000101011111000000101010101 01111111110011111111111111111111111
011001111000101011111000000101010110 01111100001110101111111111111111111
111011001111100110110001110110110000 01001111011010100111111111111111111
111011001111100110110001110110110010 00011101100011110111111111111111111
111011001111100110110001110110110011 00000000001100011111111111111111111
111011001111100110110001110110110100 01010000011011001111111111111111111
111011001111100110110001110110110101 01111110111111011111111111111111111
111011001111100110110001110110110110 01011001111011111111111111111111111
110111100010100110111111011100010000 01001110110011010111111111111111111
110111100010100110111111011100010010 00001111010111000111111111111111111
110111100010100110111111011100010011 00000000000001001111111111111111111
110111100010100110111111011100010100 01001111000100001111111111111111111
110111100010100110111111011100010101 01111111101111001111111111111111111
110111100010100110111111011100010110 01011111111110111111111111111111111
000011010101110000100001010001110000 00010111010100011111111111111111111
000011010101110000100001010001110010 01110110000010101111111111111111111
000011010101110000100001010001110011 00000000001010100111111111111111111
000011010101110000100001010001110100 00000000101000100111111111111111111
000011010101110000100001010001110101 00010110101011111111111111111111111
000011010101110000100001010001110110 01111001111100111111111111111111111
111001101101101001110010001000010000 00101100011111011111111111111111111
111001101101101001110010001000010010 00111010010111001111111111111111111
111001101101101001110010001000010011 00000000000001010111111111111111111
111001101101101001110010001000010100 00110001000000000111111111111111111
111001101101101001110010001000010101 01111011011111011111111111111111111
111001101101101001110010001000010110 00111101100100101111111111111111111
111111010110001111100011001010000000 01110000010001011111111111111111111
111111010110001111100011001010000010 00001101000111011111111111111111111
111111010110001111100011001010000011 00000000000011000111111111111111111
111111010110001111100011001010000100 01110000100100000111111111111111111
111111010110001111100011001010000101 01111111101101011111111111111111111
111111010110001111100011001010000110 01110001110111100111111111111111111
111001011110100110010100010010110000 00111101000110100111111111111111111
111001011110100110010100010010110010 00101000110011110111111111111111111
111001011110100110010100010010110011 00000000001100011111111111111111111
111001011110100110010100010010110100 01000010001001001111111111111111111
111001011110100110010100010010110101 01111010111101011111111111111111111
111001011110100110010100010010110110 01001111001011111111111111111111111
110001110111101110101100110001100000 00111010001000001111111111111111111
110001110111101110101100110001100010 00001101010110101111111111111111111
110001110111101110101100110001100011 00000000001000010111111111111111111
110001110111101110101100110001100100 01000010001000010111111111111111111
110001110111101110101100110001100101 01110111111111111111111111111111111
110001110111101110101100110001100110 01011110011000110111111111111111111
001011001001101100001111011111010000 00011110000011000111111111111111111
001011001001101100001111011111010010 00001110100011110111111111111111111
001011001001101100001111011111010011 00000000010001111111111111111111111
001011001001101100001111011111010100 00000110000011001111111111111111111
001011001001101100001111011111010101 00010111111111111111111111111111111
001011001001101100001111011111010110 01101111101111101111111111111111111
011010000011100100001010100101000000 00111001011001101111111111111111111
011010000011100100001010100101000010 00101110110100101111111111111111111
011010000011100100001010100101000011 00000000000100100111111111111111111
011010000011100100001010100101000100 00000100000010000111111111111111111
011010000011100100001010100101000101 00110101010111101111111111111111111
011010000011100100001010100101000110 01001111111010110111111111111111111
101101100101100011011110001100000000 01001010010001000111111111111111111
101101100101100011011110001100000010 01101100000101000111111111111111111
101101100101100011011110001100000011 10000000000000000111111111111111111
101101100101100011011110001100000100 01001011000010000111111111111111111
101101100101100011011110001100000101 01111111001111000111111111111111111
101101100101100011011110001100000110 01101111110110111111111111111111111
101011101100011111011011110000000000 01000101010000111111111111111111111
101011101100011111011011110000000010 01101001100000111111111111111111111
101011101100011111011011110000000011 10000000000000000111111111111111111
101011101100011111011011110000000100 01000101011000000111111111111111111
101011101100011111011011110000000101 01111111111000111111111111111111111
101011101100011111011011110000000110 01101101111111000111111111111111111
010111001111111010000111011100010000 01110010001101111111111111111111111
010111001111111010000111011100010010 01101010110001101111111111111111111
010111001111111010000111011100010011 00000000000001110111111111111111111
010111001111111010000111011100010100 00000010001110000111111111111111111
010111001111111010000111011100010101 01101111111111111111111111111111111
010111001111111010000111011100010110 01010011101110001111111111111111111
010011101000001001011000001101110000 01010011010111001111111111111111111
010011101000001001011000001101110010 01111011001001011111111111111111111
010011101000001001011000001101110011 00000000000001110111111111111111111
010011101000001001011000001101110100 00100100000000010111111111111111111
010011101000001001011000001101110101 00101111010110111111111111111111111
010011101000001001011000001101110110 01111100101111111111111111111111111
000111100011100110010101111011010000 01011010000100110111111111111111111
000111100011100110010101111011010010 01000100001001100111111111111111111
000111100011100110010101111011010011 00000000001110101111111111111111111
000111100011100110010101111011010100 00001010000101001111111111111111111
000111100011100110010101111011010101 01001111111111101111111111111111111
000111100011100110010101111011010110 01111010111101111111111111111111111
010010010000111110000111100110000000 01101000010100111111111111111111111
010010010000111110000111100110000010 01100000101110111111111111111111111
010010010000111110000111100110000011 00000000001111000111111111111111111
010010010000111110000111100110000100 00000000100001000111111111111111111
010010010000111110000111100110000101 01100111110011111111111111111111111
010010010000111110000111100110000110 01011011111111000111111111111111111
000111011100011010011010001001100000 01011011111101100111111111111111111
000111011100011010011010001001100010 01000001110100000111111111111111111
000111011100011010011010001001100011 00000000000100100111111111111111111
000111011100011010011010001001100100 00001100000000110111111111111111111
000111011100011010011010001001100101 01001111111100110111111111111111111
000111011100011010011010001001100110 01111101000111111111111111111111111
011111001001110110000010101010100000 01111111101000111111111111111111111
011111001001110110000010101010100010 01111100111110011111111111111111111
011111001001110110000010101010100011 00000000010000010111111111111111111
011111001001110110000010101010100100 00000000010001000111111111111111111
011111001001110110000010101010100101 01111111010111111111111111111111111
011111001001110110000010101010100110 01000001111101010111111111111111111
110000011110000100011110111011100000 01110000011001111111111111111111111
110000011110000100011110111011100010 01010001011110011111111111111111111
110000011110000100011110111011100011 00000000000001110111111111111111111
110000011110000100011110111011100100 00000000011100000111111111111111111
110000011110000100011110111011100101 01101111111101111111111111111111111
110000011110000100011110111011100110 00011111011111110111111111111111111
011000101000110010011001110000110000 01111110001001111111111111111111111
011000101000110010011001110000110010 01100100011001001111111111111111111
011000101000110010011001110000110011 00000000000100100111111111111111111
011000101000110010011001110000110100 00000000010000000111111111111111111
011000101000110010011001110000110101 01111101111001111111111111111111111
011000101000110010011001110000110110 01001110111110011111111111111111111
000011001110100111100111000001000000 01111001111101101111111111111111111
000011001110100111100111000001000010 00010010111100101111111111111111111
000011001110100111100111000001000011 00000000000100100111111111111111111
000011001110100111100111000001000100 00000010000000000111111111111111111
000011001110100111100111000001000101 01110111111101101111111111111111111
000011001110100111100111000001000110 01111011100010110111111111111111111
100011101110110000110111010100010000 01100011000111101111111111111111111
100011101110110000110111010100010010 00101011110011011111111111111111111
100011101110110000110111010100010011 00000000000001100111111111111111111
100011101110110000110111010100010100 00000011001000000111111111111111111
100011101110110000110111010100010101 01011111111111101111111111111111111
100011101110110000110111010100010110 00111011101010011111111111111111111
100101101001000011100011100111010000 00111101000101101111111111111111111
100101101001000011100011100111010010 01011001011110011111111111111111111
100101101001000011100011100111010011 10000000000000000111111111111111111
100101101001000011100011100111010100 01000001010010000111111111111111111
100101101001000011100011100111010101 01111011110011101111111111111111111
100101101001000011100011100111010110 01110101111111111111111111111111111
111011000110101111100011101001110000 01101000000010010111111111111111111
111011000110101111100011101001110010 00000100011000100111111111111111111
111011000110101111100011101001110011 00000000001001101111111111111111111
111011000110101111100011101001110100 01110000000100011111111111111111111
111011000110101111100011101001110101 01110111111101111111111111111111111
111011000110101111100011101001110110 01111001110110111111111111111111111
110110101001110010100101011111010000 01000000000011001111111111111111111
110110101001110010100101011111010010 00011010100011111111111111111111111
110110101001110010100101011111010011 00000000010011100111111111111111111
110110101001110010100101011111010100 01000000000011100111111111111111111
110110101001110010100101011111010101 01111111111111101111111111111111111
110110101001110010100101011111010110 01010010101111111111111111111111111
010001000111010100111010110110010000 00111111101001110111111111111111111
010001000111010100111010110110010010 00000100110011100111111111111111111
010001000111010100111010110110010011 00000000000101101111111111111111111
010001000111010100111010110110010100 00000000001010001111111111111111111
010001000111010100111010110110010101 00111111011111101111111111111111111
010001000111010100111010110110010110 01011101111011011111111111111111111
000011000011001110100011011110000000 01010111110101011111111111111111111
000011000011001110100011011110000010 00110100010111011111111111111111111
000011000011001110100011011110000011 00000000000011000111111111111111111
000011000011001110100011011110000100 00000000000110000111111111111111111
000011000011001110100011011110000101 01010111101111011111111111111111111
000011000011001110100011011110000110 01111001111111100111111111111111111
010110001001011001100001011000100000 01011100111111000111111111111111111
010110001001011001100001011000100010 01111011100110100111111111111111111
010110001001011001100001011000100011 00000000000001100111111111111111111
010110001001011001100001011000100100 00100000000000010111111111111111111
010110001001011001100001011000100101 00111100111110110111111111111111111
010110001001011001100001011000100110 01110011101101011111111111111111111
011001011110001110011100000101110000 00000000111111010111111111111111111
011001011110001110011100000101110010 01100100111001100111111111111111111
011001011110001110011100000101110011 00000000000010101111111111111111111
011001011110001110011100000101110100 00000010000000011111111111111111111
011001011110001110011100000101110101 01111110111110111111111111111111111
011001011110001110011100000101110110 01001111000011111111111111111111111
101011110001001010101000101100100000 00101011111000100111111111111111111
101011110001001010101000101100100010 00000011001100000111111111111111111
101011110001001010101000101100100011 00000000000000100111111111111111111
101011110001001010101000101100100100 01010100000010010111111111111111111
101011110001001010101000101100100101 01010111110110010111111111111111111
101011110001001010101000101100100110 01111100011111111111111111111111111
011100110100001100001010010101110000 00111110110011010111111111111111111
011100110100001100001010010101110010 00110100011101100111111111111111111
011100110100001100001010010101110011 00000000000010101111111111111111111
011100110100001100001010010101110100 00000001001000011111111111111111111
011100110100001100001010010101110101 00111101101010111111111111111111111
011100110100001100001010010101110110 01000111011111111111111111111111111
010010110010010010011101100001110000 01110100010101011111111111111111111
010010110010010010011101100001110010 01010110110011101111111111111111111
010010110010010010011101100001110011 00000000000011100111111111111111111
010010110010010010011101100001110100 00000100100000100111111111111111111
010010110010010010011101100001110101 01101111110100111111111111111111111
010010110010010010011101100001110110 01011110111011111111111111111111111
011110001011000010010010000001010000 00000101010110101111111111111111111
011110001011000010010010000001010010 01110011010101011111111111111111111
011110001011000010010010000001010011 10000000000000000111111111111111111
011110001011000010010010000001010100 00001000000000000111111111111111111
011110001011000010010010000001010101 01111101010110101111111111111111111
011110001011000010010010000001010110 01001011101001111111111111111111111
000010001111100111111000111101110000 00000000111110000111111111111111111
000010001111100111111000111101110010 00001000000000010111111111111111111
000010001111100111111000111101110011 00000000000111111111111111111111111
000010001111100111111000111101110100 00000100011110001111111111111111111
000010001111100111111000111101110101 01111100011111111111111111111111111
000010001111100111111000111101110110 01111111111110111111111111111111111
101111010110011101001001010011010000 00000011010110100111111111111111111
101111010110011101001001010011010010 00111010000011010111111111111111111
101111010110011101001001010011010011 00000000001011011111111111111111111
101111010110011101001001010011010100 00000100101000101111111111111111111
101111010110011101001001010011010101 01111110101101111111111111111111111
101111010110011101001001010011010110 00100101111011101111111111111111111
000001110011111001101111000100100000 00111011001010000111111111111111111
000001110011111001101111000100100010 01001100000101100111111111111111111
000001110011111001101111000100100011 00000000000011100111111111111111111
000001110011111001101111000100100100 00000011100010010111111111111111111
000001110011111001101111000100100101 00110111100111110111111111111111111
000001110011111001101111000100100110 01111111111010011111111111111111111
100001100110101011000011001010000000 00100100110010010111111111111111111
100001100110101011000011001010000010 01100001101000010111111111111111111
100001100110101011000011001010000011 00000000001010000111111111111111111
100001100110101011000011001010000100 01000001000101000111111111111111111
100001100110101011000011001010000101 01100011101101010111111111111111111
100001100110101011000011001010000110 01111101110111101111111111111111111
001011010010100010100110010111110000 01101001110000111111111111111111111
001011010010100010100110010111110010 01000011011001001111111111111111111
001011010010100010100110010111110011 00000000001111000111111111111111111
001011010010100010100110010111110100 00010010000001000111111111111111111
001011010010100010100110010111110101 01010111101111111111111111111111111
001011010010100010100110010111110110 01111011011011111111111111111111111
010011001000001010100000010011010000 01110110011001111111111111111111111
010011001000001010100000010011010010 01010110000110101111111111111111111
010011001000001010100000010011010011 00000000000011010111111111111111111
010011001000001010100000010011010100 10000000000000000111111111111111111
010011001000001010100000010011010101 01110110011001111111111111111111111
010011001000001010100000010011010110 01011001101111101111111111111111111
000100101000101000000011101101010000 00001011000111111111111111111111111
000100101000101000000011101101010010 00000111011010101111111111111111111
000100101000101000000011101101010011 00000000000110010111111111111111111
000100101000101000000011101101010100 00000001010000000111111111111111111
000100101000101000000011101101010101 00001001110111111111111111111111111
000100101000101000000011101101010110 01110111111110101111111111111111111
010110000010100011011000100110110000 00011000011000011111111111111111111
010110000010100011011000100110110010 00111111110001101111111111111111111
010110000010100011011000100110110011 00000000001011000111111111111111111
010110000010100011011000100110110100 00101100000001000111111111111111111
010110000010100011011000100110110101 01101100010111011111111111111111111
010110000010100011011000100110110110 01111111111011111111111111111111111
111000100000001001011110100101000000 00100000010010110111111111111111111
111000100000001001011110100101000010 01000001101101110111111111111111111
111000100000001001011110100101000011 00000000000001000111111111111111111
111000100000001001011110100101000100 00100001000000000111111111111111111
111000100000001001011110100101000101 01111111010010110111111111111111111
111000100000001001011110100101000110 00101111111111101111111111111111111
011100100001100110000110100111000000 01111100010110101111111111111111111
011100100001100110000110100111000010 01110101101111101111111111111111111
011100100001100110000110100111000011 00000000001101100111111111111111111
011100100001100110000110100111000100 00000001000011000111111111111111111
011100100001100110000110100111000101 01111011010011101111111111111111111
011100100001100110000110100111000110 01000111111111110111111111111111111
000001110101010101100011010100000000 00110101010100101111111111111111111
000001110101010101100011010100000010 01010010000000101111111111111111111
000001110101010101100011010100000011 10000000000000000111111111111111111
000001110101010101100011010100000100 00000001101010000111111111111111111
000001110101010101100011010100000101 00110011101010101111111111111111111
000001110101010101100011010100000110 01111101111111010111111111111111111
010010001110100000001111010011010000 00101100000110101111111111111111111
010010001110100000001111010011010010 00011100110011011111111111111111111
010010001110100000001111010011010011 00000000001101000111111111111111111
010010001110100000001111010011010100 00000100001001000111111111111111111
010010001110100000001111010011010101 00100111111101101111111111111111111
010010001110100000001111010011010110 01011111101011111111111111111111111
001000001110000100111111100000100000 00110000001100011111111111111111111
001000001110000100111111100000100010 01110000101011111111111111111111111
001000001110000100111111100000100011 00000000000000010111111111111111111
001000001110000100111111100000100100 00010000010000000111111111111111111
001000001110000100111111100000100101 00011111111100011111111111111111111
001000001110000100111111100000100110 01111111110011110111111111111111111
101110001110000100001000000100100000 01100000011110011111111111111111111
101110001110000100001000000100100010 01011000011001111111111111111111111
101110001110000100001000000100100011 00000000000000010111111111111111111
101110001110000100001000000100100100 00000100000000000111111111111111111
101110001110000100001000000100100101 01011100011110011111111111111111111
101110001110000100001000000100100110 00100111100011110111111111111111111
101011000010010111010001001100000000 00111110101010101111111111111111111
101011000010010111010001001100000010 01101101011110101111111111111111111
101011000010010111010001001100000011 10000000000000000111111111111111111
101011000010010111010001001100000100 01000000000100000111111111111111111
101011000010010111010001001100000101 01111110100110101111111111111111111
101011000010010111010001001100000110 01101001111111010111111111111111111
010000111111001101000101100110110000 01000100110001110111111111111111111
010000111111001101000101100110110010 01111111001011000111111111111111111
010000111111001101000101100110110011 00000000000100001111111111111111111
010000111111001101000101100110110100 00100000110010011111111111111111111
010000111111001101000101100110110101 00100011111111011111111111111111111
010000111111001101000101100110110110 01111110110011111111111111111111111
111011000001101000110111111110000000 00010010000010010111111111111111111
111011000001101000110111111110000010 01011010000100010111111111111111111
111011000001101000110111111110000011 00000000001010000111111111111111111
111011000001101000110111111110000100 00010010000011000111111111111111111
111011000001101000110111111110000101 01111111111111010111111111111111111
111011000001101000110111111110000110 00011011111111101111111111111111111
101000101100101000101111000001110000 01101000111010001111111111111111111
101000101100101000101111000001110010 00111001111000011111111111111111111
101000101100101000101111000001110011 00000000001000110111111111111111111
101000101100101000101111000001110100 00010001000000010111111111111111111
101000101100101000101111000001110101 01010111111001111111111111111111111
101000101100101000101111000001110110 00111111100110111111111111111111111
111111101100000100000101000000010000 00000001111000010111111111111111111
111111101100000100000101000000010010 01111100111000000111111111111111111
111111101100000100000101000000010011 00000000000000001111111111111111111
111111101100000100000101000000010100 00000010000000001111111111111111111
111111101100000100000101000000010101 01111111111000001111111111111111111
111111101100000100000101000000010110 00000010100111111111111111111111111
100101110111100100111101010101000000 01101010011001101111111111111111111
100101110111100100111101010101000010 00101101000100101111111111111111111
100101110111100100111101010101000011 00000000000100100111111111111111111
100101110111100100111101010101000100 00001010101010000111111111111111111
100101110111100100111101010101000101 01011111101111101111111111111111111
100101110111100100111101010101000110 00111110111010110111111111111111111
001010101010101011110100000011000000 00001111010110110111111111111111111
001010101010101011110100000011000010 00011011010011110111111111111111111
001010101010101011110100000011000011 00000000001111000111111111111111111
001010101010101011110100000011000100 00010000000001000111111111111111111
001010101010101011110100000011000101 01111111010101110111111111111111111
001010101010101011110100000011000110 01111010101011101111111111111111111
101111111011100110111010010000100000 00111100111111011111111111111111111
101111111011100110111010010000100010 00000010101110111111111111111111111
101111111011100110111010010000100011 00000000000010010111111111111111111
101111111011100110111010010000100100 01011101000000000111111111111111111
101111111011100110111010010000100101 01011111111111011111111111111111111
101111111011100110111010010000100110 01111101001000110111111111111111111
101111100001001011100000100101110000 01001111010101001111111111111111111
101111100001001011100000100101110010 01101110101111011111111111111111111
101111100001001011100000100101110011 00000000000001110111111111111111111
101111100001001011100000100101110100 01010000000010010111111111111111111
101111100001001011100000100101110101 01111111010010111111111111111111111
101111100001001011100000100101110110 01110000111111111111111111111111111
010100001110010011110110100110010000 00100011101111101111111111111111111
010100001110010011110110100110010010 00101101001001011111111111111111111
010100001110010011110110100110010011 00000000000100100111111111111111111
010100001110010011110110100110010100 00101000010000000111111111111111111
010100001110010011110110100110010101 01111011011111101111111111111111111
010100001110010011110110100110010110 01111111110011011111111111111111111
011111110011101100011000000100010000 01001011101001100111111111111111111
011111110011101100011000000100010010 00110011100101010111111111111111111
011111110011101100011000000100010011 00000000000001011111111111111111111
011111110011101100011000000100010100 00001100000010001111111111111111111
011111110011101100011000000100010101 00111111100111011111111111111111111
011111110011101100011000000100010110 01001100011010101111111111111111111
001001111000100110011001101111010000 01100000101000110111111111111111111
001001111000100110011001101111010010 01000110111001100111111111111111111
001001111000100110011001101111010011 00000000001110101111111111111111111
001001111000100110011001101111010100 00000000110001001111111111111111111
001001111000100110011001101111010101 01011111110111101111111111111111111
001001111000100110011001101111010110 01101100111111111111111111111111111
100101101011111101000000110101010000 01101011110010100111111111111111111
100101101011111101000000110101010010 00101010111101010111111111111111111
100101101011111101000000110101010011 00000000001001011111111111111111111
100101101011111101000000110101010100 00000000010010101111111111111111111
100101101011111101000000110101010101 01101011011111111111111111111111111
100101101011111101000000110101010110 00110100111010101111111111111111111
010001000010000000110011001101000000 00111011101010100111111111111111111
010001000010000000110011001101000010 00001000011101100111111111111111111
010001000010000000110011001101000011 10000000000000000111111111111111111
010001000010000000110011001101000100 00000000000100000111111111111111111
010001000010000000110011001101000101 00111011100110100111111111111111111
010001000010000000110011001101000110 01011101111111111111111111111111111
010111011101011011010011001010110000 00011000100000001111111111111111111
010111011101011011010011001010110010 01000101010101011111111111111111111
010111011101011011010011001010110011 00000000001000010111111111111111111
010111011101011011010011001010110100 00101000100000010111111111111111111
010111011101011011010011001010110101 01101111111111111111111111111111111
010111011101011011010011001010110110 01111001100101011111111111111111111
010000010110100010101110101111100000 01111000000100110111111111111111111
010000010110100010101110101111100010 01001001010101010111111111111111111
010000010110100010101110101111100011 00000000001110000111111111111111111
010000010110100010101110101111100100 00000000000101000111111111111111111
010000010110100010101110101111100101 01110111111111110111111111111111111
010000010110100010101110101111100110 01011111010111111111111111111111111
101100000001100111011001110010010000 01000100111100010111111111111111111
101100000001100111011001110010010010 01101011001010000111111111111111111
101100000001100111011001110010010011 00000000001010001111111111111111111
101100000001100111011001110010010100 01001000000001001111111111111111111
101100000001100111011001110010010101 01111100111011001111111111111111111
101100000001100111011001110010010110 01101111111101111111111111111111111
110110000101101010010101000011110000 00110110101101001111111111111111111
110110000101101010010101000011110010 00100001101001011111111111111111111
110110000101101010010101000011110011 00000000010010110111111111111111111
110110000101101010010101000011110100 01001000000001010111111111111111111
110110000101101010010101000011110101 01101110101011111111111111111111111
110110000101101010010101000011110110 01011011110101111111111111111111111
100011100100001101110100111000010000 00000001100100100111111111111111111
100011100100001101110100111000010010 00001100101100010111111111111111111
100011100100001101110100111000010011 00000000000000011111111111111111111
100011100100001101110100111000010100 00000010001000001111111111111111111
100011100100001101110100111000010101 01111111011100011111111111111111111
100011100100001101110100111000010110 00111010111111101111111111111111111
